local VBOLayout= {  {id = 0, name = "position", size = 3},
      {id = 1, name = "normal", size = 3},
      {id = 2, name = "stangent", size = 3},
      {id = 3, name = "ttangent", size = 3},
      {id = 4, name = "texcoords0", size = 2},
      {id = 5, name = "texcoords1", size = 2},
      {id = 6, name = "pieceindex", size = 1},} --khm, this should be unsigned int
local VBOData = { 	-34.2336,17.9660,-37.8191,-0.5774,-0.5774,-0.5774,-0.8165,0.4082,0.4082,0,0.7071,-0.7071,0.3333,1.0000,0,0,0,
	-2.2336,17.9660,-37.8191,0.5774,-0.5774,-0.5774,-0.8165,-0.4082,-0.4082,0,0.7071,-0.7071,0.0000,1.0000,0,0,0,
	-34.2336,17.9660,-5.8191,-0.5774,-0.5774,0.5774,-0.8165,0.4082,-0.4082,0,-0.7071,-0.7071,0.3333,0.6667,0,0,0,
	-34.2336,17.9660,-5.8191,-0.5774,-0.5774,0.5774,0.7071,-0.0000,0.7071,-0.4082,0.8165,0.4082,0.3333,0.3333,0,0,0,
	-34.2336,49.9660,-37.8191,-0.5774,0.5774,-0.5774,-0.4082,0.4082,0.8165,0.7071,0.7071,0,0,0.6667,0,0,0,
	-34.2336,17.9660,-37.8191,-0.5774,-0.5774,-0.5774,-0.4082,-0.4082,0.8165,-0.7071,0.7071,0,0,0.3333,0,0,0,
	-34.2336,17.9660,-5.8191,-0.5774,-0.5774,0.5774,-0.8165,0.4082,-0.4082,0,-0.7071,-0.7071,0.3333,0.6667,0,0,0,
	-2.2336,17.9660,-37.8191,0.5774,-0.5774,-0.5774,-0.8165,-0.4082,-0.4082,0,0.7071,-0.7071,0.0000,1.0000,0,0,0,
	-2.2336,17.9660,-5.8191,0.5774,-0.5774,0.5774,-0.8165,-0.4082,0.4082,0,-0.7071,-0.7071,0,0.6667,0,0,0,
	-34.2336,17.9660,-5.8191,-0.5774,-0.5774,0.5774,0.7071,-0.0000,0.7071,-0.4082,0.8165,0.4082,0.3333,0.3333,0,0,0,
	-2.2336,49.9660,-5.8191,0.5774,0.5774,0.5774,0.8165,-0.4082,-0.4082,0,0.7071,-0.7071,0.6667,0.6667,0,0,0,
	-34.2336,49.9660,-5.8191,-0.5774,0.5774,0.5774,0.7715,0.1543,0.6172,0.2673,0.8018,-0.5345,0.3333,0.6667,0,0,0,
	-34.2336,49.9660,-37.8191,-0.5774,0.5774,-0.5774,-0.8165,-0.4082,0.4082,0.0000,0.7071,0.7071,0.3333,0.3333,0,0,0,
	-2.2336,17.9660,-37.8191,0.5774,-0.5774,-0.5774,-0.8165,-0.4082,-0.4082,0.0000,0.7071,-0.7071,0,0.0000,0,0,0,
	-34.2336,17.9660,-37.8191,-0.5774,-0.5774,-0.5774,-0.8165,0.4082,0.4082,0.0000,0.7071,-0.7071,0.3333,0.0000,0,0,0,
	-34.2336,49.9660,-37.8191,-0.5774,0.5774,-0.5774,0.8165,0.4082,-0.4082,0,-0.7071,-0.7071,0.3333,1.0000,0,0,0,
	-2.2336,49.9660,-5.8191,0.5774,0.5774,0.5774,0.8165,-0.4082,-0.4082,0,0.7071,-0.7071,0.6667,0.6667,0,0,0,
	-2.2336,49.9660,-37.8191,0.5774,0.5774,-0.5774,0.8165,-0.4082,0.4082,0,-0.7071,-0.7071,0.6667,1.0000,0,0,0,
	-34.2336,49.9660,-5.8191,-0.5774,0.5774,0.5774,0.7715,0.1543,0.6172,0.2673,0.8018,-0.5345,0.3333,0.6667,0,0,0,
	-34.2336,49.9660,-37.8191,-0.5774,0.5774,-0.5774,-0.4082,0.4082,0.8165,0.7071,0.7071,0,0,0.6667,0,0,0,
	-34.2336,17.9660,-5.8191,-0.5774,-0.5774,0.5774,0.7071,-0.0000,0.7071,-0.4082,0.8165,0.4082,0.3333,0.3333,0,0,0,
	-34.2336,49.9660,-5.8191,-0.5774,0.5774,0.5774,0.7715,0.1543,0.6172,0.2673,0.8018,-0.5345,0.3333,0.6667,0,0,0,
	-2.2336,49.9660,-5.8191,0.5774,0.5774,0.5774,0.8165,-0.4082,-0.4082,0,0.7071,-0.7071,0.6667,0.6667,0,0,0,
	-34.2336,49.9660,-37.8191,-0.5774,0.5774,-0.5774,0.8165,0.4082,-0.4082,0,-0.7071,-0.7071,0.3333,1.0000,0,0,0,
	-2.2336,17.9660,-37.8191,0.5774,-0.5774,-0.5774,-0.4082,0.4082,-0.8165,0.7071,0.7071,0,0.6667,0,0,0,0,
	-2.2336,49.9660,-5.8191,0.5774,0.5774,0.5774,0.4082,0.4082,-0.8165,-0.7071,0.7071,0,0.3333,0.3333,0,0,0,
	-2.2336,17.9660,-5.8191,0.5774,-0.5774,0.5774,0.4082,-0.4082,-0.8165,0.7071,0.7071,0,0.3333,0,0,0,0,
	-2.2336,17.9660,-5.8191,0.5774,-0.5774,0.5774,0.8165,0.4082,-0.4082,0,0.7071,0.7071,0.6667,0.3333,0,0,0,
	-2.2336,49.9660,-5.8191,0.5774,0.5774,0.5774,0.8165,-0.4082,-0.4082,0,0.7071,-0.7071,0.6667,0.6667,0,0,0,
	-34.2336,17.9660,-5.8191,-0.5774,-0.5774,0.5774,0.7071,-0.0000,0.7071,-0.4082,0.8165,0.4082,0.3333,0.3333,0,0,0,
	-2.2336,49.9660,-37.8191,0.5774,0.5774,-0.5774,-0.8165,0.4082,-0.4082,0,0.7071,0.7071,0.0000,0.3333,0,0,0,
	-2.2336,17.9660,-37.8191,0.5774,-0.5774,-0.5774,-0.8165,-0.4082,-0.4082,0.0000,0.7071,-0.7071,0,0.0000,0,0,0,
	-34.2336,49.9660,-37.8191,-0.5774,0.5774,-0.5774,-0.8165,-0.4082,0.4082,0.0000,0.7071,0.7071,0.3333,0.3333,0,0,0,
	-2.2336,49.9660,-37.8191,0.5774,0.5774,-0.5774,-0.4082,-0.4082,-0.8165,-0.7071,0.7071,0,0.6667,0.3333,0,0,0,
	-2.2336,49.9660,-5.8191,0.5774,0.5774,0.5774,0.4082,0.4082,-0.8165,-0.7071,0.7071,0,0.3333,0.3333,0,0,0,
	-2.2336,17.9660,-37.8191,0.5774,-0.5774,-0.5774,-0.4082,0.4082,-0.8165,0.7071,0.7071,0,0.6667,0,0,0,0,
	-34.2336,17.9660,7.2410,0,0,-1.0000,-1.0000,0.0000,0,0.0000,1.0000,0,0.3333,0.0000,0,0,0,
	-2.2336,49.9660,7.2410,0,0,-1.0000,-1.0000,0.0000,0,0.0000,1.0000,0,0.0000,0.3333,0,0,0,
	-2.2336,17.9660,7.2410,0,0,-1.0000,-1.0000,0.0000,0,0.0000,1.0000,0,0,0.0000,0,0,0,
	-34.2336,17.9660,39.2410,0,0,1.0000,1.0000,0,0,0,1.0000,0,0.3333,0.3333,0,0,0,
	-2.2336,17.9660,39.2410,0,0,1.0000,1.0000,0,0,0,1.0000,0,0.6667,0.3333,0,0,0,
	-34.2336,49.9660,39.2410,0,0,1.0000,1.0000,0,0,0,1.0000,0,0.3333,0.6667,0,0,0,
	-34.2336,49.9660,7.2410,0,0,-1.0000,-1.0000,0,0,0,1.0000,0,0.3333,0.3333,0,0,0,
	-2.2336,49.9660,7.2410,0,0,-1.0000,-1.0000,0,0,0,1.0000,0,0.0000,0.3333,0,0,0,
	-34.2336,17.9660,7.2410,0,0,-1.0000,-1.0000,0,0,0,1.0000,0,0.3333,0.0000,0,0,0,
	-34.2336,49.9660,39.2410,0,0,1.0000,1.0000,0,0,0,1.0000,0,0.3333,0.6667,0,0,0,
	-2.2336,17.9660,39.2410,0,0,1.0000,1.0000,0,0,0,1.0000,0,0.6667,0.3333,0,0,0,
	-2.2336,49.9660,39.2410,0,0,1.0000,1.0000,0,0,0,1.0000,0,0.6667,0.6667,0,0,0,
	-34.2336,17.9660,7.2410,0,-1.0000,0,-1.0000,0,0,0,0,-1.0000,0.3333,1.0000,0,0,0,
	-2.2336,17.9660,39.2410,0,-1.0000,0,-1.0000,0,0,0,0,-1.0000,0,0.6667,0,0,0,
	-34.2336,17.9660,39.2410,0,-1.0000,0,-1.0000,0,0,0,0,-1.0000,0.3333,0.6667,0,0,0,
	-34.2336,49.9660,39.2410,0,1.0000,0,1.0000,0,0,0,0,-1.0000,0.3333,0.6667,0,0,0,
	-2.2336,49.9660,7.2410,0,1.0000,0,1.0000,0,0,0,0,-1.0000,0.6667,1.0000,0,0,0,
	-34.2336,49.9660,7.2410,0,1.0000,0,1.0000,0,0,0,0,-1.0000,0.3333,1.0000,0,0,0,
	-2.2336,17.9660,7.2410,0,-1.0000,0,-1.0000,0,0,0,0,-1.0000,0.0000,1.0000,0,0,0,
	-2.2336,17.9660,39.2410,0,-1.0000,0,-1.0000,0,0,0,0,-1.0000,0,0.6667,0,0,0,
	-34.2336,17.9660,7.2410,0,-1.0000,0,-1.0000,0,0,0,0,-1.0000,0.3333,1.0000,0,0,0,
	-2.2336,49.9660,39.2410,0,1.0000,0,1.0000,0,0,0,0,-1.0000,0.6667,0.6667,0,0,0,
	-2.2336,49.9660,7.2410,0,1.0000,0,1.0000,0,0,0,0,-1.0000,0.6667,1.0000,0,0,0,
	-34.2336,49.9660,39.2410,0,1.0000,0,1.0000,0,0,0,0,-1.0000,0.3333,0.6667,0,0,0,
	-34.2336,17.9660,7.2410,-1.0000,0,0,0,0,1.0000,0,1.0000,0,0,0.3333,0,0,0,
	-34.2336,49.9660,39.2410,-1.0000,0,0,0,0,1.0000,0,1.0000,0,0.3333,0.6667,0,0,0,
	-34.2336,49.9660,7.2410,-1.0000,0,0,0,0,1.0000,0,1.0000,0,0,0.6667,0,0,0,
	-34.2336,17.9660,39.2410,-1.0000,0,0,0,0,1.0000,0,1.0000,0,0.3333,0.3333,0,0,0,
	-34.2336,49.9660,39.2410,-1.0000,0,0,0,0,1.0000,0,1.0000,0,0.3333,0.6667,0,0,0,
	-34.2336,17.9660,7.2410,-1.0000,0,0,0,0,1.0000,0,1.0000,0,0,0.3333,0,0,0,
	-2.2336,17.9660,7.2410,1.0000,0,0,0,0,-1.0000,0,1.0000,0,0.6667,0,0,0,0,
	-2.2336,49.9660,7.2410,1.0000,0,0,0,0,-1.0000,0,1.0000,0,0.6667,0.3333,0,0,0,
	-2.2336,17.9660,39.2410,1.0000,0,0,0,0,-1.0000,0,1.0000,0,0.3333,0,0,0,0,
	-2.2336,17.9660,39.2410,1.0000,0,0,0,0,-1.0000,0,1.0000,0,0.3333,0,0,0,0,
	-2.2336,49.9660,7.2410,1.0000,0,0,0,0,-1.0000,0,1.0000,0,0.6667,0.3333,0,0,0,
	-2.2336,49.9660,39.2410,1.0000,0,0,0,0,-1.0000,0,1.0000,0,0.3333,0.3333,0,0,0,
	53.0401,64.3766,-40.6472,0.3811,0.9214,-0.0758,0.9235,-0.3832,-0.0151,-0.0429,-0.0643,-0.9970,0.3457,0.7500,0,0,0,
	63.4217,57.4398,-40.6472,0.6997,0.7007,-0.1392,0.7101,-0.7036,0.0273,-0.0788,-0.1179,-0.9899,0.4268,0.7500,0,0,0,
	52.1080,64.3766,-45.3335,0.4089,0.8967,-0.1694,0.9099,-0.4149,-0.0003,-0.0705,-0.1540,-0.9856,0.3384,0.7866,0,0,0,
	40.7943,64.3766,-28.4013,-0.0758,0.9214,0.3811,0.9970,0.0758,0.0150,-0.0151,0.3811,-0.9244,0.2500,0.6543,0,0,0,
	40.7943,66.8124,-40.6472,-0.1278,0.9835,0.1278,0.9918,0.1274,0.0114,-0.0051,0.1282,-0.9917,0.2500,0.7500,0,0,0,
	36.1080,64.3766,-29.3335,-0.1694,0.8967,0.4089,0.9825,0.1861,-0.0012,-0.0771,0.4015,-0.9126,0.2134,0.6616,0,0,0,
	36.1080,64.3766,-29.3335,-0.1694,0.8967,0.4089,0.9825,0.1861,-0.0012,-0.0771,0.4015,-0.9126,0.2134,0.6616,0,0,0,
	40.7943,57.4398,-18.0198,-0.1392,0.7007,0.6997,0.9860,0.1639,0.0320,-0.0923,0.6943,-0.7137,0.2500,0.5732,0,0,0,
	40.7943,64.3766,-28.4013,-0.0758,0.9214,0.3811,0.9959,0.0892,-0.0176,-0.0503,0.3782,-0.9244,0.2500,0.6543,0,0,0,
	36.1080,64.3766,-29.3335,-0.1694,0.8967,0.4089,0.9825,0.1861,-0.0012,-0.0771,0.4015,-0.9126,0.2134,0.6616,0,0,0,
	24.7943,57.4398,-24.6472,-0.4996,0.7076,0.4996,0.8160,0.5780,-0.0026,-0.2906,0.4064,-0.8662,0.1250,0.6250,0,0,0,
	32.1351,57.4398,-19.7422,-0.2704,0.7076,0.6528,0.9333,0.3592,-0.0028,-0.2365,0.6085,-0.7575,0.1824,0.5867,0,0,0,
	36.1080,64.3766,-29.3335,-0.1694,0.8967,0.4089,0.9825,0.1861,-0.0012,-0.0771,0.4015,-0.9126,0.2134,0.6616,0,0,0,
	40.7943,66.8124,-40.6472,-0.1278,0.9835,0.1278,0.9917,0.1286,0.0022,-0.0143,0.1270,-0.9918,0.2500,0.7500,0,0,0,
	32.1351,64.3766,-31.9880,-0.2703,0.9241,0.2703,0.9597,0.2810,-0.0011,-0.0770,0.2591,-0.9628,0.1824,0.6824,0,0,0,
	32.1351,64.3766,-31.9880,-0.2703,0.9241,0.2703,0.9597,0.2810,-0.0011,-0.0770,0.2591,-0.9628,0.1824,0.6824,0,0,0,
	24.7943,57.4398,-24.6472,-0.4996,0.7076,0.4996,0.8160,0.5780,-0.0026,-0.2906,0.4064,-0.8662,0.1250,0.6250,0,0,0,
	36.1080,64.3766,-29.3335,-0.1694,0.8967,0.4089,0.9825,0.1861,-0.0012,-0.0771,0.4015,-0.9126,0.2134,0.6616,0,0,0,
	32.1351,64.3766,-31.9880,-0.2703,0.9241,0.2703,0.9597,0.2810,-0.0011,-0.0770,0.2591,-0.9628,0.1824,0.6824,0,0,0,
	40.7943,66.8124,-40.6472,-0.1278,0.9835,0.1278,0.9916,0.1295,-0.0048,-0.0213,0.1261,-0.9918,0.2500,0.7500,0,0,0,
	29.4806,64.3766,-35.9609,-0.4089,0.8967,0.1694,0.9099,0.4149,-0.0003,-0.0705,0.1540,-0.9856,0.1616,0.7134,0,0,0,
	29.4806,64.3766,-35.9609,-0.4089,0.8967,0.1694,0.9099,0.4149,-0.0003,-0.0705,0.1540,-0.9856,0.1616,0.7134,0,0,0,
	24.7943,57.4398,-24.6472,-0.4996,0.7076,0.4996,0.8160,0.5780,-0.0026,-0.2906,0.4064,-0.8662,0.1250,0.6250,0,0,0,
	32.1351,64.3766,-31.9880,-0.2703,0.9241,0.2703,0.9597,0.2810,-0.0011,-0.0770,0.2591,-0.9628,0.1824,0.6824,0,0,0,
	29.4806,64.3766,-35.9609,-0.4089,0.8967,0.1694,0.9099,0.4149,-0.0003,-0.0705,0.1540,-0.9856,0.1616,0.7134,0,0,0,
	18.1669,57.4398,-40.6472,-0.6997,0.7007,0.1392,0.7101,0.7036,0.0273,-0.0788,0.1179,-0.9899,0.0732,0.7500,0,0,0,
	19.8893,57.4398,-31.9880,-0.6528,0.7076,0.2704,0.7349,0.6782,-0.0006,-0.1838,0.1983,-0.9627,0.0867,0.6824,0,0,0,
	29.4806,64.3766,-35.9609,-0.4089,0.8967,0.1694,0.9099,0.4149,-0.0003,-0.0705,0.1540,-0.9856,0.1616,0.7134,0,0,0,
	40.7943,66.8124,-40.6472,-0.1278,0.9835,0.1278,0.9915,0.1299,-0.0085,-0.0250,0.1256,-0.9918,0.2500,0.7500,0,0,0,
	28.5484,64.3766,-40.6472,-0.3811,0.9214,0.0758,0.9244,0.3811,0.0150,-0.0151,0.0758,-0.9970,0.1543,0.7500,0,0,0,
	28.5484,64.3766,-40.6472,-0.3811,0.9214,0.0758,0.9235,0.3832,-0.0151,-0.0429,0.0643,-0.9970,0.1543,0.7500,0,0,0,
	18.1669,57.4398,-40.6472,-0.6997,0.7007,0.1392,0.7101,0.7036,0.0273,-0.0788,0.1179,-0.9899,0.0732,0.7500,0,0,0,
	29.4806,64.3766,-35.9609,-0.4089,0.8967,0.1694,0.9099,0.4149,-0.0003,-0.0705,0.1540,-0.9856,0.1616,0.7134,0,0,0,
	40.7943,64.3766,-52.8930,0.0758,0.9214,-0.3811,0.9970,-0.0758,0.0150,-0.0151,-0.3811,-0.9244,0.2500,0.8457,0,0,0,
	40.7943,66.8124,-40.6472,0.1278,0.9835,-0.1278,0.9918,-0.1274,0.0114,-0.0051,-0.1282,-0.9917,0.2500,0.7500,0,0,0,
	45.4806,64.3766,-51.9609,0.1694,0.8967,-0.4089,0.9825,-0.1861,-0.0012,-0.0771,-0.4015,-0.9126,0.2866,0.8384,0,0,0,
	45.4806,64.3766,-51.9609,0.1694,0.8967,-0.4089,0.9825,-0.1861,-0.0012,-0.0771,-0.4015,-0.9126,0.2866,0.8384,0,0,0,
	40.7943,57.4398,-63.2746,0.1392,0.7007,-0.6997,0.9860,-0.1639,0.0320,-0.0923,-0.6943,-0.7137,0.2500,0.9268,0,0,0,
	40.7943,64.3766,-52.8930,0.0758,0.9214,-0.3811,0.9959,-0.0892,-0.0176,-0.0503,-0.3782,-0.9244,0.2500,0.8457,0,0,0,
	45.4806,64.3766,-51.9609,0.1694,0.8967,-0.4089,0.9825,-0.1861,-0.0012,-0.0771,-0.4015,-0.9126,0.2866,0.8384,0,0,0,
	56.7943,57.4398,-56.6472,0.4996,0.7076,-0.4996,0.8160,-0.5780,-0.0026,-0.2906,-0.4064,-0.8662,0.3750,0.8750,0,0,0,
	49.4534,57.4398,-61.5522,0.2704,0.7076,-0.6528,0.9333,-0.3592,-0.0028,-0.2365,-0.6085,-0.7575,0.3176,0.9133,0,0,0,
	45.4806,64.3766,-51.9609,0.1694,0.8967,-0.4089,0.9825,-0.1861,-0.0012,-0.0771,-0.4015,-0.9126,0.2866,0.8384,0,0,0,
	40.7943,66.8124,-40.6472,0.1278,0.9835,-0.1278,0.9917,-0.1286,0.0022,-0.0143,-0.1270,-0.9918,0.2500,0.7500,0,0,0,
	49.4534,64.3766,-49.3063,0.2703,0.9241,-0.2703,0.9597,-0.2810,-0.0011,-0.0770,-0.2591,-0.9628,0.3176,0.8176,0,0,0,
	49.4534,64.3766,-49.3063,0.2703,0.9241,-0.2703,0.9597,-0.2810,-0.0011,-0.0770,-0.2591,-0.9628,0.3176,0.8176,0,0,0,
	56.7943,57.4398,-56.6472,0.4996,0.7076,-0.4996,0.8160,-0.5780,-0.0026,-0.2906,-0.4064,-0.8662,0.3750,0.8750,0,0,0,
	45.4806,64.3766,-51.9609,0.1694,0.8967,-0.4089,0.9825,-0.1861,-0.0012,-0.0771,-0.4015,-0.9126,0.2866,0.8384,0,0,0,
	49.4534,64.3766,-49.3063,0.2703,0.9241,-0.2703,0.9597,-0.2810,-0.0011,-0.0770,-0.2591,-0.9628,0.3176,0.8176,0,0,0,
	40.7943,66.8124,-40.6472,0.1278,0.9835,-0.1278,0.9916,-0.1295,-0.0048,-0.0213,-0.1261,-0.9918,0.2500,0.7500,0,0,0,
	52.1080,64.3766,-45.3335,0.4089,0.8967,-0.1694,0.9099,-0.4149,-0.0003,-0.0705,-0.1540,-0.9856,0.3384,0.7866,0,0,0,
	52.1080,64.3766,-45.3335,0.4089,0.8967,-0.1694,0.9099,-0.4149,-0.0003,-0.0705,-0.1540,-0.9856,0.3384,0.7866,0,0,0,
	63.4217,57.4398,-40.6472,0.6997,0.7007,-0.1392,0.7101,-0.7036,0.0273,-0.0788,-0.1179,-0.9899,0.4268,0.7500,0,0,0,
	61.6993,57.4398,-49.3063,0.6528,0.7076,-0.2704,0.7349,-0.6782,-0.0006,-0.1838,-0.1983,-0.9627,0.4133,0.8176,0,0,0,
	52.1080,64.3766,-45.3335,0.4089,0.8967,-0.1694,0.9099,-0.4149,-0.0003,-0.0705,-0.1540,-0.9856,0.3384,0.7866,0,0,0,
	56.7943,57.4398,-56.6472,0.4996,0.7076,-0.4996,0.8160,-0.5780,-0.0026,-0.2906,-0.4064,-0.8662,0.3750,0.8750,0,0,0,
	49.4534,64.3766,-49.3063,0.2703,0.9241,-0.2703,0.9597,-0.2810,-0.0011,-0.0770,-0.2591,-0.9628,0.3176,0.8176,0,0,0,
	52.1080,64.3766,-45.3335,0.4089,0.8967,-0.1694,0.9099,-0.4149,-0.0003,-0.0705,-0.1540,-0.9856,0.3384,0.7866,0,0,0,
	40.7943,66.8124,-40.6472,0.1278,0.9835,-0.1278,0.9915,-0.1299,-0.0085,-0.0250,-0.1256,-0.9918,0.2500,0.7500,0,0,0,
	53.0401,64.3766,-40.6472,0.3811,0.9214,-0.0758,0.9244,-0.3811,0.0150,-0.0151,-0.0758,-0.9970,0.3457,0.7500,0,0,0,
	63.4217,57.4398,-40.6472,0.6997,0.7007,-0.1392,0.7046,-0.7090,-0.0275,-0.1180,-0.0788,-0.9899,0.4268,0.7500,0,0,0,
	68.1080,47.0583,-51.9609,0.8534,0.3832,-0.3535,0.4095,-0.9123,-0.0004,-0.3226,-0.1444,-0.9354,0.4634,0.8384,0,0,0,
	61.6993,57.4398,-49.3063,0.6528,0.7076,-0.2704,0.7349,-0.6782,-0.0006,-0.1838,-0.1983,-0.9627,0.4133,0.8176,0,0,0,
	40.7943,57.4398,-18.0198,-0.1392,0.7007,0.6997,0.9698,0.2392,-0.0467,-0.2001,0.6721,-0.7129,0.2500,0.5732,0,0,0,
	29.4806,47.0583,-13.3335,-0.3535,0.3832,0.8534,0.7315,0.6819,-0.0032,-0.5831,0.6231,-0.5213,0.1616,0.5366,0,0,0,
	40.7943,47.0583,-11.0830,-0.1807,0.3769,0.9085,0.9486,0.3107,0.0598,-0.2598,0.8726,-0.4136,0.2500,0.5190,0,0,0,
	32.1351,57.4398,-19.7422,-0.2704,0.7076,0.6528,0.9333,0.3592,-0.0028,-0.2365,0.6085,-0.7575,0.1824,0.5867,0,0,0,
	40.7943,57.4398,-18.0198,-0.1392,0.7007,0.6997,0.9860,0.1639,0.0320,-0.0923,0.6943,-0.7137,0.2500,0.5732,0,0,0,
	36.1080,64.3766,-29.3335,-0.1694,0.8967,0.4089,0.9825,0.1861,-0.0012,-0.0771,0.4015,-0.9126,0.2134,0.6616,0,0,0,
	32.1351,57.4398,-19.7422,-0.2704,0.7076,0.6528,0.9333,0.3592,-0.0028,-0.2365,0.6085,-0.7575,0.1824,0.5867,0,0,0,
	29.4806,47.0583,-13.3335,-0.3535,0.3832,0.8534,0.7315,0.6819,-0.0032,-0.5831,0.6231,-0.5213,0.1616,0.5366,0,0,0,
	40.7943,57.4398,-18.0198,-0.1392,0.7007,0.6997,0.9698,0.2392,-0.0467,-0.2001,0.6721,-0.7129,0.2500,0.5732,0,0,0,
	24.7943,57.4398,-24.6472,-0.4996,0.7076,0.4996,0.8160,0.5780,-0.0026,-0.2906,0.4064,-0.8662,0.1250,0.6250,0,0,0,
	29.4806,47.0583,-13.3335,-0.3535,0.3832,0.8534,0.7315,0.6819,-0.0032,-0.5831,0.6231,-0.5213,0.1616,0.5366,0,0,0,
	32.1351,57.4398,-19.7422,-0.2704,0.7076,0.6528,0.9333,0.3592,-0.0028,-0.2365,0.6085,-0.7575,0.1824,0.5867,0,0,0,
	24.7943,57.4398,-24.6472,-0.4996,0.7076,0.4996,0.8160,0.5780,-0.0026,-0.2906,0.4064,-0.8662,0.1250,0.6250,0,0,0,
	13.4806,47.0583,-29.3335,-0.8534,0.3832,0.3535,0.4095,0.9123,-0.0004,-0.3226,0.1444,-0.9354,0.0366,0.6616,0,0,0,
	19.8893,47.0583,-19.7422,-0.6531,0.3832,0.6531,0.5041,0.8636,-0.0026,-0.5651,0.3276,-0.7572,0.0867,0.5867,0,0,0,
	19.8893,57.4398,-31.9880,-0.6528,0.7076,0.2704,0.7349,0.6782,-0.0006,-0.1838,0.1983,-0.9627,0.0867,0.6824,0,0,0,
	24.7943,57.4398,-24.6472,-0.4996,0.7076,0.4996,0.8160,0.5780,-0.0026,-0.2906,0.4064,-0.8662,0.1250,0.6250,0,0,0,
	29.4806,64.3766,-35.9609,-0.4089,0.8967,0.1694,0.9099,0.4149,-0.0003,-0.0705,0.1540,-0.9856,0.1616,0.7134,0,0,0,
	19.8893,57.4398,-31.9880,-0.6528,0.7076,0.2704,0.7349,0.6782,-0.0006,-0.1838,0.1983,-0.9627,0.0867,0.6824,0,0,0,
	13.4806,47.0583,-29.3335,-0.8534,0.3832,0.3535,0.4095,0.9123,-0.0004,-0.3226,0.1444,-0.9354,0.0366,0.6616,0,0,0,
	24.7943,57.4398,-24.6472,-0.4996,0.7076,0.4996,0.8160,0.5780,-0.0026,-0.2906,0.4064,-0.8662,0.1250,0.6250,0,0,0,
	18.1669,57.4398,-40.6472,-0.6997,0.7007,0.1392,0.7046,0.7090,-0.0275,-0.1180,0.0788,-0.9899,0.0732,0.7500,0,0,0,
	13.4806,47.0583,-29.3335,-0.8534,0.3832,0.3535,0.4095,0.9123,-0.0004,-0.3226,0.1444,-0.9354,0.0366,0.6616,0,0,0,
	19.8893,57.4398,-31.9880,-0.6528,0.7076,0.2704,0.7349,0.6782,-0.0006,-0.1838,0.1983,-0.9627,0.0867,0.6824,0,0,0,
	40.7943,57.4398,-63.2746,0.1392,0.7007,-0.6997,0.9698,-0.2392,-0.0467,-0.2001,-0.6721,-0.7129,0.2500,0.9268,0,0,0,
	52.1080,47.0583,-67.9609,0.3535,0.3832,-0.8534,0.7315,-0.6819,-0.0032,-0.5831,-0.6231,-0.5213,0.3384,0.9634,0,0,0,
	40.7943,47.0583,-70.2113,0.1807,0.3769,-0.9085,0.9486,-0.3107,0.0598,-0.2598,-0.8726,-0.4136,0.2500,0.9810,0,0,0,
	49.4534,57.4398,-61.5522,0.2704,0.7076,-0.6528,0.9333,-0.3592,-0.0028,-0.2365,-0.6085,-0.7575,0.3176,0.9133,0,0,0,
	40.7943,57.4398,-63.2746,0.1392,0.7007,-0.6997,0.9860,-0.1639,0.0320,-0.0923,-0.6943,-0.7137,0.2500,0.9268,0,0,0,
	45.4806,64.3766,-51.9609,0.1694,0.8967,-0.4089,0.9825,-0.1861,-0.0012,-0.0771,-0.4015,-0.9126,0.2866,0.8384,0,0,0,
	49.4534,57.4398,-61.5522,0.2704,0.7076,-0.6528,0.9333,-0.3592,-0.0028,-0.2365,-0.6085,-0.7575,0.3176,0.9133,0,0,0,
	52.1080,47.0583,-67.9609,0.3535,0.3832,-0.8534,0.7315,-0.6819,-0.0032,-0.5831,-0.6231,-0.5213,0.3384,0.9634,0,0,0,
	40.7943,57.4398,-63.2746,0.1392,0.7007,-0.6997,0.9698,-0.2392,-0.0467,-0.2001,-0.6721,-0.7129,0.2500,0.9268,0,0,0,
	56.7943,57.4398,-56.6472,0.4996,0.7076,-0.4996,0.8160,-0.5780,-0.0026,-0.2906,-0.4064,-0.8662,0.3750,0.8750,0,0,0,
	52.1080,47.0583,-67.9609,0.3535,0.3832,-0.8534,0.7315,-0.6819,-0.0032,-0.5831,-0.6231,-0.5213,0.3384,0.9634,0,0,0,
	49.4534,57.4398,-61.5522,0.2704,0.7076,-0.6528,0.9333,-0.3592,-0.0028,-0.2365,-0.6085,-0.7575,0.3176,0.9133,0,0,0,
	56.7943,57.4398,-56.6472,0.4996,0.7076,-0.4996,0.8160,-0.5780,-0.0026,-0.2906,-0.4064,-0.8662,0.3750,0.8750,0,0,0,
	68.1080,47.0583,-51.9609,0.8534,0.3832,-0.3535,0.4095,-0.9123,-0.0004,-0.3226,-0.1444,-0.9354,0.4634,0.8384,0,0,0,
	61.6993,47.0583,-61.5522,0.6531,0.3832,-0.6531,0.5041,-0.8636,-0.0026,-0.5651,-0.3276,-0.7572,0.4133,0.9133,0,0,0,
	61.6993,57.4398,-49.3063,0.6528,0.7076,-0.2704,0.7349,-0.6782,-0.0006,-0.1838,-0.1983,-0.9627,0.4133,0.8176,0,0,0,
	56.7943,57.4398,-56.6472,0.4996,0.7076,-0.4996,0.8160,-0.5780,-0.0026,-0.2906,-0.4064,-0.8662,0.3750,0.8750,0,0,0,
	52.1080,64.3766,-45.3335,0.4089,0.8967,-0.1694,0.9099,-0.4149,-0.0003,-0.0705,-0.1540,-0.9856,0.3384,0.7866,0,0,0,
	61.6993,57.4398,-49.3063,0.6528,0.7076,-0.2704,0.7349,-0.6782,-0.0006,-0.1838,-0.1983,-0.9627,0.4133,0.8176,0,0,0,
	68.1080,47.0583,-51.9609,0.8534,0.3832,-0.3535,0.4095,-0.9123,-0.0004,-0.3226,-0.1444,-0.9354,0.4634,0.8384,0,0,0,
	56.7943,57.4398,-56.6472,0.4996,0.7076,-0.4996,0.8160,-0.5780,-0.0026,-0.2906,-0.4064,-0.8662,0.3750,0.8750,0,0,0,
	70.3584,47.0583,-40.6472,0.9085,0.3769,-0.1807,0.3889,-0.9206,0.0352,-0.1531,-0.1023,-0.9829,0.4810,0.7500,0,0,0,
	68.1080,47.0583,-51.9609,0.8534,0.3832,-0.3535,0.4095,-0.9123,-0.0004,-0.3226,-0.1444,-0.9354,0.4634,0.8384,0,0,0,
	63.4217,57.4398,-40.6472,0.6997,0.7007,-0.1392,0.7046,-0.7090,-0.0275,-0.1180,-0.0788,-0.9899,0.4268,0.7500,0,0,0,
	70.3584,47.0583,-40.6472,0.9085,0.3769,-0.1807,0.3769,-0.9256,-0.0354,-0.1806,-0.0359,-0.9829,0.4810,0.7500,0,0,0,
	72.7943,34.8124,-40.6472,0.9626,0.1915,-0.1915,0.1951,-0.9808,0.0000,-0.1878,-0.0374,-0.9815,0.5000,0.7500,0,0,0,
	68.1080,47.0583,-51.9609,0.8534,0.3832,-0.3535,0.4095,-0.9123,-0.0004,-0.3226,-0.1444,-0.9354,0.4634,0.8384,0,0,0,
	29.4806,47.0583,-13.3335,-0.3535,0.3832,0.8534,0.7315,0.6819,-0.0032,-0.5831,0.6231,-0.5213,0.1616,0.5366,0,0,0,
	40.7943,34.8124,-8.6472,-0.1915,0.1915,0.9626,0.7071,0.7071,0.0000,-0.6807,0.6807,-0.2708,0.2500,0.5000,0,0,0,
	40.7943,47.0583,-11.0830,-0.1807,0.3769,0.9085,0.7393,0.6612,-0.1272,-0.6487,0.6487,-0.3981,0.2500,0.5190,0,0,0,
	29.4806,47.0583,-13.3335,-0.3535,0.3832,0.8534,0.7315,0.6819,-0.0032,-0.5831,0.6231,-0.5213,0.1616,0.5366,0,0,0,
	18.1669,34.8124,-18.0198,-0.6935,0.1951,0.6935,0.2999,0.9534,0.0317,-0.6550,0.2300,-0.7197,0.0732,0.5732,0,0,0,
	28.5484,34.8124,-11.0830,-0.3753,0.1951,0.9061,0.3544,0.9335,-0.0542,-0.8565,0.3008,-0.4195,0.1543,0.5190,0,0,0,
	19.8893,47.0583,-19.7422,-0.6531,0.3832,0.6531,0.5041,0.8636,-0.0026,-0.5651,0.3276,-0.7572,0.0867,0.5867,0,0,0,
	29.4806,47.0583,-13.3335,-0.3535,0.3832,0.8534,0.7315,0.6819,-0.0032,-0.5831,0.6231,-0.5213,0.1616,0.5366,0,0,0,
	24.7943,57.4398,-24.6472,-0.4996,0.7076,0.4996,0.8160,0.5780,-0.0026,-0.2906,0.4064,-0.8662,0.1250,0.6250,0,0,0,
	19.8893,47.0583,-19.7422,-0.6531,0.3832,0.6531,0.5041,0.8636,-0.0026,-0.5651,0.3276,-0.7572,0.0867,0.5867,0,0,0,
	18.1669,34.8124,-18.0198,-0.6935,0.1951,0.6935,0.2999,0.9534,0.0317,-0.6550,0.2300,-0.7197,0.0732,0.5732,0,0,0,
	29.4806,47.0583,-13.3335,-0.3535,0.3832,0.8534,0.7315,0.6819,-0.0032,-0.5831,0.6231,-0.5213,0.1616,0.5366,0,0,0,
	13.4806,47.0583,-29.3335,-0.8534,0.3832,0.3535,0.4095,0.9123,-0.0004,-0.3226,0.1444,-0.9354,0.0366,0.6616,0,0,0,
	18.1669,34.8124,-18.0198,-0.6935,0.1951,0.6935,0.2504,0.9679,-0.0219,-0.6755,0.1585,-0.7201,0.0732,0.5732,0,0,0,
	19.8893,47.0583,-19.7422,-0.6531,0.3832,0.6531,0.5041,0.8636,-0.0026,-0.5651,0.3276,-0.7572,0.0867,0.5867,0,0,0,
	13.4806,47.0583,-29.3335,-0.8534,0.3832,0.3535,0.4095,0.9123,-0.0004,-0.3226,0.1444,-0.9354,0.0366,0.6616,0,0,0,
	8.7943,34.8124,-40.6472,-0.9626,0.1915,0.1915,0.1951,0.9808,-0.0000,-0.1878,0.0374,-0.9815,0.0000,0.7500,0,0,0,
	11.2301,34.8124,-28.4013,-0.9061,0.1951,0.3753,0.2083,0.9780,-0.0055,-0.3682,0.0732,-0.9269,0.0190,0.6543,0,0,0,
	11.2301,47.0583,-40.6472,-0.9085,0.3769,0.1807,0.3889,0.9206,0.0352,-0.1531,0.1023,-0.9829,0.0190,0.7500,0,0,0,
	13.4806,47.0583,-29.3335,-0.8534,0.3832,0.3535,0.4095,0.9123,-0.0004,-0.3226,0.1444,-0.9354,0.0366,0.6616,0,0,0,
	18.1669,57.4398,-40.6472,-0.6997,0.7007,0.1392,0.7046,0.7090,-0.0275,-0.1180,0.0788,-0.9899,0.0732,0.7500,0,0,0,
	11.2301,47.0583,-40.6472,-0.9085,0.3769,0.1807,0.3769,0.9256,-0.0354,-0.1806,0.0359,-0.9829,0.0190,0.7500,0,0,0,
	8.7943,34.8124,-40.6472,-0.9626,0.1915,0.1915,0.1951,0.9808,0.0000,-0.1878,0.0374,-0.9815,0.0000,0.7500,0,0,0,
	13.4806,47.0583,-29.3335,-0.8534,0.3832,0.3535,0.4095,0.9123,-0.0004,-0.3226,0.1444,-0.9354,0.0366,0.6616,0,0,0,
	52.1080,47.0583,-67.9609,0.3535,0.3832,-0.8534,0.7315,-0.6819,-0.0032,-0.5831,-0.6231,-0.5213,0.3384,0.9634,0,0,0,
	40.7943,34.8124,-72.6472,0.1915,0.1915,-0.9626,0.7071,-0.7071,0.0000,-0.6807,-0.6807,-0.2708,0.2500,1.0000,0,0,0,
	40.7943,47.0583,-70.2113,0.1807,0.3769,-0.9085,0.7393,-0.6612,-0.1272,-0.6487,-0.6487,-0.3981,0.2500,0.9810,0,0,0,
	52.1080,47.0583,-67.9609,0.3535,0.3832,-0.8534,0.7315,-0.6819,-0.0032,-0.5831,-0.6231,-0.5213,0.3384,0.9634,0,0,0,
	63.4217,34.8124,-63.2746,0.6935,0.1951,-0.6935,0.2999,-0.9534,0.0317,-0.6550,-0.2300,-0.7197,0.4268,0.9268,0,0,0,
	53.0401,34.8124,-70.2113,0.3753,0.1951,-0.9061,0.3544,-0.9335,-0.0542,-0.8565,-0.3008,-0.4195,0.3457,0.9810,0,0,0,
	61.6993,47.0583,-61.5522,0.6531,0.3832,-0.6531,0.5041,-0.8636,-0.0026,-0.5651,-0.3276,-0.7572,0.4133,0.9133,0,0,0,
	52.1080,47.0583,-67.9609,0.3535,0.3832,-0.8534,0.7315,-0.6819,-0.0032,-0.5831,-0.6231,-0.5213,0.3384,0.9634,0,0,0,
	56.7943,57.4398,-56.6472,0.4996,0.7076,-0.4996,0.8160,-0.5780,-0.0026,-0.2906,-0.4064,-0.8662,0.3750,0.8750,0,0,0,
	61.6993,47.0583,-61.5522,0.6531,0.3832,-0.6531,0.5041,-0.8636,-0.0026,-0.5651,-0.3276,-0.7572,0.4133,0.9133,0,0,0,
	63.4217,34.8124,-63.2746,0.6935,0.1951,-0.6935,0.2999,-0.9534,0.0317,-0.6550,-0.2300,-0.7197,0.4268,0.9268,0,0,0,
	52.1080,47.0583,-67.9609,0.3535,0.3832,-0.8534,0.7315,-0.6819,-0.0032,-0.5831,-0.6231,-0.5213,0.3384,0.9634,0,0,0,
	68.1080,47.0583,-51.9609,0.8534,0.3832,-0.3535,0.4095,-0.9123,-0.0004,-0.3226,-0.1444,-0.9354,0.4634,0.8384,0,0,0,
	72.7943,34.8124,-40.6472,0.9626,0.1915,-0.1915,0.1951,-0.9808,-0.0000,-0.1878,-0.0374,-0.9815,0.5000,0.7500,0,0,0,
	70.3584,34.8124,-52.8930,0.9061,0.1951,-0.3753,0.2083,-0.9780,-0.0055,-0.3682,-0.0732,-0.9269,0.4810,0.8457,0,0,0,
	68.1080,47.0583,-51.9609,0.8534,0.3832,-0.3535,0.4095,-0.9123,-0.0004,-0.3226,-0.1444,-0.9354,0.4634,0.8384,0,0,0,
	63.4217,34.8124,-63.2746,0.6935,0.1951,-0.6935,0.2504,-0.9679,-0.0219,-0.6755,-0.1585,-0.7201,0.4268,0.9268,0,0,0,
	61.6993,47.0583,-61.5522,0.6531,0.3832,-0.6531,0.5041,-0.8636,-0.0026,-0.5651,-0.3276,-0.7572,0.4133,0.9133,0,0,0,
	72.7943,34.8124,-40.6472,0.9626,-0.1915,0.1915,-0.1951,-0.9808,0.0000,0.1878,-0.0374,-0.9815,0,0.2500,0,0,0,
	68.1080,22.5665,-29.3335,0.8534,-0.3832,0.3535,-0.4095,-0.9123,-0.0004,0.3226,-0.1444,-0.9354,0.0366,0.1616,0,0,0,
	70.3584,22.5665,-40.6472,0.9085,-0.3769,0.1807,-0.3769,-0.9256,-0.0354,0.1806,-0.0359,-0.9829,0.0190,0.2500,0,0,0,
	70.3584,34.8124,-28.4013,0.9061,-0.1951,0.3753,-0.2083,-0.9780,-0.0055,0.3682,-0.0732,-0.9269,0.0190,0.1543,0,0,0,
	68.1080,22.5665,-29.3335,0.8534,-0.3832,0.3535,-0.4095,-0.9123,-0.0004,0.3226,-0.1444,-0.9354,0.0366,0.1616,0,0,0,
	72.7943,34.8124,-40.6472,0.9626,-0.1915,0.1915,-0.1951,-0.9808,-0.0000,0.1878,-0.0374,-0.9815,0,0.2500,0,0,0,
	63.4217,34.8124,-18.0198,0.6935,-0.1951,0.6935,-0.2504,-0.9679,-0.0219,0.6755,-0.1585,-0.7201,0.0732,0.0732,0,0,0,
	68.1080,22.5665,-29.3335,0.8534,-0.3832,0.3535,-0.4095,-0.9123,-0.0004,0.3226,-0.1444,-0.9354,0.0366,0.1616,0,0,0,
	70.3584,34.8124,-28.4013,0.9061,-0.1951,0.3753,-0.2130,-0.9770,0.0064,0.3655,-0.0857,-0.9269,0.0190,0.1543,0,0,0,
	63.4217,34.8124,-18.0198,0.6935,-0.1951,0.6935,-0.2999,-0.9534,0.0317,0.6550,-0.2300,-0.7197,0.0732,0.0732,0,0,0,
	52.1080,22.5665,-13.3335,0.3535,-0.3832,0.8534,-0.7315,-0.6819,-0.0032,0.5831,-0.6231,-0.5213,0.1616,0.0366,0,0,0,
	61.6993,22.5665,-19.7422,0.6531,-0.3832,0.6531,-0.5041,-0.8636,-0.0026,0.5651,-0.3276,-0.7572,0.0867,0.0867,0,0,0,
	53.0401,34.8124,-11.0830,0.3753,-0.1951,0.9061,-0.3544,-0.9335,-0.0542,0.8565,-0.3008,-0.4195,0.1543,0.0190,0,0,0,
	52.1080,22.5665,-13.3335,0.3535,-0.3832,0.8534,-0.7315,-0.6819,-0.0032,0.5831,-0.6231,-0.5213,0.1616,0.0366,0,0,0,
	63.4217,34.8124,-18.0198,0.6935,-0.1951,0.6935,-0.2999,-0.9534,0.0317,0.6550,-0.2300,-0.7197,0.0732,0.0732,0,0,0,
	40.7943,34.8124,-8.6472,0.1915,-0.1915,0.9626,-0.7071,-0.7071,-0.0000,0.6807,-0.6807,-0.2708,0.2500,0,0,0,0,
	52.1080,22.5665,-13.3335,0.3535,-0.3832,0.8534,-0.7315,-0.6819,-0.0032,0.5831,-0.6231,-0.5213,0.1616,0.0366,0,0,0,
	53.0401,34.8124,-11.0830,0.3753,-0.1951,0.9061,-0.6647,-0.7380,0.1164,0.6460,-0.6460,-0.4067,0.1543,0.0190,0,0,0,
	28.5484,34.8124,-11.0830,-0.3753,0.1951,0.9061,0.6647,0.7380,0.1164,-0.6460,0.6460,-0.4067,0.1543,0.5190,0,0,0,
	40.7943,34.8124,-8.6472,-0.1915,0.1915,0.9626,0.7071,0.7071,-0.0000,-0.6807,0.6807,-0.2708,0.2500,0.5000,0,0,0,
	29.4806,47.0583,-13.3335,-0.3535,0.3832,0.8534,0.7315,0.6819,-0.0032,-0.5831,0.6231,-0.5213,0.1616,0.5366,0,0,0,
	11.2301,34.8124,-28.4013,-0.9061,0.1951,0.3753,0.2130,0.9770,0.0064,-0.3655,0.0857,-0.9269,0.0190,0.6543,0,0,0,
	18.1669,34.8124,-18.0198,-0.6935,0.1951,0.6935,0.2504,0.9679,-0.0219,-0.6755,0.1585,-0.7201,0.0732,0.5732,0,0,0,
	13.4806,47.0583,-29.3335,-0.8534,0.3832,0.3535,0.4095,0.9123,-0.0004,-0.3226,0.1444,-0.9354,0.0366,0.6616,0,0,0,
	8.7943,34.8124,-40.6472,-0.9626,-0.1915,-0.1915,-0.1951,0.9808,0.0000,0.1878,0.0374,-0.9815,0.5000,0.2500,0,0,0,
	13.4806,22.5665,-51.9609,-0.8534,-0.3832,-0.3535,-0.4095,0.9123,-0.0004,0.3226,0.1444,-0.9354,0.4634,0.3384,0,0,0,
	11.2301,22.5665,-40.6472,-0.9085,-0.3769,-0.1807,-0.3769,0.9256,-0.0354,0.1806,0.0359,-0.9829,0.4810,0.2500,0,0,0,
	11.2301,34.8124,-52.8930,-0.9061,-0.1951,-0.3753,-0.2083,0.9780,-0.0055,0.3682,0.0732,-0.9269,0.4810,0.3457,0,0,0,
	13.4806,22.5665,-51.9609,-0.8534,-0.3832,-0.3535,-0.4095,0.9123,-0.0004,0.3226,0.1444,-0.9354,0.4634,0.3384,0,0,0,
	8.7943,34.8124,-40.6472,-0.9626,-0.1915,-0.1915,-0.1951,0.9808,-0.0000,0.1878,0.0374,-0.9815,0.5000,0.2500,0,0,0,
	18.1669,34.8124,-63.2746,-0.6935,-0.1951,-0.6935,-0.2504,0.9679,-0.0219,0.6755,0.1585,-0.7201,0.4268,0.4268,0,0,0,
	13.4806,22.5665,-51.9609,-0.8534,-0.3832,-0.3535,-0.4095,0.9123,-0.0004,0.3226,0.1444,-0.9354,0.4634,0.3384,0,0,0,
	11.2301,34.8124,-52.8930,-0.9061,-0.1951,-0.3753,-0.2130,0.9770,0.0064,0.3655,0.0857,-0.9269,0.4810,0.3457,0,0,0,
	18.1669,34.8124,-63.2746,-0.6935,-0.1951,-0.6935,-0.2999,0.9534,0.0317,0.6550,0.2300,-0.7197,0.4268,0.4268,0,0,0,
	29.4806,22.5665,-67.9609,-0.3535,-0.3832,-0.8534,-0.7315,0.6819,-0.0032,0.5831,0.6231,-0.5213,0.3384,0.4634,0,0,0,
	19.8893,22.5665,-61.5522,-0.6531,-0.3832,-0.6531,-0.5041,0.8636,-0.0026,0.5651,0.3276,-0.7572,0.4133,0.4133,0,0,0,
	28.5484,34.8124,-70.2113,-0.3753,-0.1951,-0.9061,-0.3544,0.9335,-0.0542,0.8565,0.3008,-0.4195,0.3457,0.4810,0,0,0,
	29.4806,22.5665,-67.9609,-0.3535,-0.3832,-0.8534,-0.7315,0.6819,-0.0032,0.5831,0.6231,-0.5213,0.3384,0.4634,0,0,0,
	18.1669,34.8124,-63.2746,-0.6935,-0.1951,-0.6935,-0.2999,0.9534,0.0317,0.6550,0.2300,-0.7197,0.4268,0.4268,0,0,0,
	40.7943,34.8124,-72.6472,-0.1915,-0.1915,-0.9626,-0.7071,0.7071,-0.0000,0.6807,0.6807,-0.2708,0.2500,0.5000,0,0,0,
	29.4806,22.5665,-67.9609,-0.3535,-0.3832,-0.8534,-0.7315,0.6819,-0.0032,0.5831,0.6231,-0.5213,0.3384,0.4634,0,0,0,
	28.5484,34.8124,-70.2113,-0.3753,-0.1951,-0.9061,-0.6647,0.7380,0.1164,0.6460,0.6460,-0.4067,0.3457,0.4810,0,0,0,
	53.0401,34.8124,-70.2113,0.3753,0.1951,-0.9061,0.6647,-0.7380,0.1164,-0.6460,-0.6460,-0.4067,0.3457,0.9810,0,0,0,
	40.7943,34.8124,-72.6472,0.1915,0.1915,-0.9626,0.7071,-0.7071,-0.0000,-0.6807,-0.6807,-0.2708,0.2500,1.0000,0,0,0,
	52.1080,47.0583,-67.9609,0.3535,0.3832,-0.8534,0.7315,-0.6819,-0.0032,-0.5831,-0.6231,-0.5213,0.3384,0.9634,0,0,0,
	70.3584,34.8124,-52.8930,0.9061,0.1951,-0.3753,0.2130,-0.9770,0.0064,-0.3655,-0.0857,-0.9269,0.4810,0.8457,0,0,0,
	63.4217,34.8124,-63.2746,0.6935,0.1951,-0.6935,0.2504,-0.9679,-0.0219,-0.6755,-0.1585,-0.7201,0.4268,0.9268,0,0,0,
	68.1080,47.0583,-51.9609,0.8534,0.3832,-0.3535,0.4095,-0.9123,-0.0004,-0.3226,-0.1444,-0.9354,0.4634,0.8384,0,0,0,
	68.1080,22.5665,-29.3335,0.8534,-0.3832,0.3535,-0.4095,-0.9123,-0.0004,0.3226,-0.1444,-0.9354,0.0366,0.1616,0,0,0,
	63.4217,12.1850,-40.6472,0.6997,-0.7007,0.1392,-0.7046,-0.7090,-0.0275,0.1180,-0.0788,-0.9899,0.0732,0.2500,0,0,0,
	70.3584,22.5665,-40.6472,0.9085,-0.3769,0.1807,-0.3889,-0.9206,0.0352,0.1531,-0.1023,-0.9829,0.0190,0.2500,0,0,0,
	68.1080,22.5665,-29.3335,0.8534,-0.3832,0.3535,-0.4095,-0.9123,-0.0004,0.3226,-0.1444,-0.9354,0.0366,0.1616,0,0,0,
	56.7943,12.1850,-24.6472,0.4996,-0.7076,0.4996,-0.8160,-0.5780,-0.0026,0.2906,-0.4064,-0.8662,0.1250,0.1250,0,0,0,
	61.6993,12.1850,-31.9880,0.6528,-0.7076,0.2704,-0.7349,-0.6782,-0.0006,0.1838,-0.1983,-0.9627,0.0867,0.1824,0,0,0,
	61.6993,22.5665,-19.7422,0.6531,-0.3832,0.6531,-0.5041,-0.8636,-0.0026,0.5651,-0.3276,-0.7572,0.0867,0.0867,0,0,0,
	68.1080,22.5665,-29.3335,0.8534,-0.3832,0.3535,-0.4095,-0.9123,-0.0004,0.3226,-0.1444,-0.9354,0.0366,0.1616,0,0,0,
	63.4217,34.8124,-18.0198,0.6935,-0.1951,0.6935,-0.2504,-0.9679,-0.0219,0.6755,-0.1585,-0.7201,0.0732,0.0732,0,0,0,
	61.6993,22.5665,-19.7422,0.6531,-0.3832,0.6531,-0.5041,-0.8636,-0.0026,0.5651,-0.3276,-0.7572,0.0867,0.0867,0,0,0,
	56.7943,12.1850,-24.6472,0.4996,-0.7076,0.4996,-0.8160,-0.5780,-0.0026,0.2906,-0.4064,-0.8662,0.1250,0.1250,0,0,0,
	68.1080,22.5665,-29.3335,0.8534,-0.3832,0.3535,-0.4095,-0.9123,-0.0004,0.3226,-0.1444,-0.9354,0.0366,0.1616,0,0,0,
	52.1080,22.5665,-13.3335,0.3535,-0.3832,0.8534,-0.7315,-0.6819,-0.0032,0.5831,-0.6231,-0.5213,0.1616,0.0366,0,0,0,
	56.7943,12.1850,-24.6472,0.4996,-0.7076,0.4996,-0.8160,-0.5780,-0.0026,0.2906,-0.4064,-0.8662,0.1250,0.1250,0,0,0,
	61.6993,22.5665,-19.7422,0.6531,-0.3832,0.6531,-0.5041,-0.8636,-0.0026,0.5651,-0.3276,-0.7572,0.0867,0.0867,0,0,0,
	52.1080,22.5665,-13.3335,0.3535,-0.3832,0.8534,-0.7315,-0.6819,-0.0032,0.5831,-0.6231,-0.5213,0.1616,0.0366,0,0,0,
	40.7943,12.1850,-18.0198,0.1392,-0.7007,0.6997,-0.9698,-0.2392,-0.0467,0.2001,-0.6721,-0.7129,0.2500,0.0732,0,0,0,
	49.4534,12.1850,-19.7422,0.2704,-0.7076,0.6528,-0.9333,-0.3592,-0.0028,0.2365,-0.6085,-0.7575,0.1824,0.0867,0,0,0,
	40.7943,22.5665,-11.0830,0.1807,-0.3769,0.9085,-0.7393,-0.6612,-0.1272,0.6487,-0.6487,-0.3981,0.2500,0.0190,0,0,0,
	52.1080,22.5665,-13.3335,0.3535,-0.3832,0.8534,-0.7315,-0.6819,-0.0032,0.5831,-0.6231,-0.5213,0.1616,0.0366,0,0,0,
	40.7943,34.8124,-8.6472,0.1915,-0.1915,0.9626,-0.7071,-0.7071,0.0000,0.6807,-0.6807,-0.2708,0.2500,0,0,0,0,
	40.7943,22.5665,-11.0830,0.1807,-0.3769,0.9085,-0.9486,-0.3107,0.0598,0.2598,-0.8726,-0.4136,0.2500,0.0190,0,0,0,
	40.7943,12.1850,-18.0198,0.1392,-0.7007,0.6997,-0.9698,-0.2392,-0.0467,0.2001,-0.6721,-0.7129,0.2500,0.0732,0,0,0,
	52.1080,22.5665,-13.3335,0.3535,-0.3832,0.8534,-0.7315,-0.6819,-0.0032,0.5831,-0.6231,-0.5213,0.1616,0.0366,0,0,0,
	13.4806,22.5665,-51.9609,-0.8534,-0.3832,-0.3535,-0.4095,0.9123,-0.0004,0.3226,0.1444,-0.9354,0.4634,0.3384,0,0,0,
	18.1669,12.1850,-40.6472,-0.6997,-0.7007,-0.1392,-0.7046,0.7090,-0.0275,0.1180,0.0788,-0.9899,0.4268,0.2500,0,0,0,
	11.2301,22.5665,-40.6472,-0.9085,-0.3769,-0.1807,-0.3889,0.9206,0.0352,0.1531,0.1023,-0.9829,0.4810,0.2500,0,0,0,
	13.4806,22.5665,-51.9609,-0.8534,-0.3832,-0.3535,-0.4095,0.9123,-0.0004,0.3226,0.1444,-0.9354,0.4634,0.3384,0,0,0,
	24.7943,12.1850,-56.6472,-0.4996,-0.7076,-0.4996,-0.8160,0.5780,-0.0026,0.2906,0.4064,-0.8662,0.3750,0.3750,0,0,0,
	19.8893,12.1850,-49.3063,-0.6528,-0.7076,-0.2704,-0.7349,0.6782,-0.0006,0.1838,0.1983,-0.9627,0.4133,0.3176,0,0,0,
	19.8893,22.5665,-61.5522,-0.6531,-0.3832,-0.6531,-0.5041,0.8636,-0.0026,0.5651,0.3276,-0.7572,0.4133,0.4133,0,0,0,
	13.4806,22.5665,-51.9609,-0.8534,-0.3832,-0.3535,-0.4095,0.9123,-0.0004,0.3226,0.1444,-0.9354,0.4634,0.3384,0,0,0,
	18.1669,34.8124,-63.2746,-0.6935,-0.1951,-0.6935,-0.2504,0.9679,-0.0219,0.6755,0.1585,-0.7201,0.4268,0.4268,0,0,0,
	19.8893,22.5665,-61.5522,-0.6531,-0.3832,-0.6531,-0.5041,0.8636,-0.0026,0.5651,0.3276,-0.7572,0.4133,0.4133,0,0,0,
	24.7943,12.1850,-56.6472,-0.4996,-0.7076,-0.4996,-0.8160,0.5780,-0.0026,0.2906,0.4064,-0.8662,0.3750,0.3750,0,0,0,
	13.4806,22.5665,-51.9609,-0.8534,-0.3832,-0.3535,-0.4095,0.9123,-0.0004,0.3226,0.1444,-0.9354,0.4634,0.3384,0,0,0,
	29.4806,22.5665,-67.9609,-0.3535,-0.3832,-0.8534,-0.7315,0.6819,-0.0032,0.5831,0.6231,-0.5213,0.3384,0.4634,0,0,0,
	24.7943,12.1850,-56.6472,-0.4996,-0.7076,-0.4996,-0.8160,0.5780,-0.0026,0.2906,0.4064,-0.8662,0.3750,0.3750,0,0,0,
	19.8893,22.5665,-61.5522,-0.6531,-0.3832,-0.6531,-0.5041,0.8636,-0.0026,0.5651,0.3276,-0.7572,0.4133,0.4133,0,0,0,
	29.4806,22.5665,-67.9609,-0.3535,-0.3832,-0.8534,-0.7315,0.6819,-0.0032,0.5831,0.6231,-0.5213,0.3384,0.4634,0,0,0,
	40.7943,12.1850,-63.2746,-0.1392,-0.7007,-0.6997,-0.9698,0.2392,-0.0467,0.2001,0.6721,-0.7129,0.2500,0.4268,0,0,0,
	32.1351,12.1850,-61.5522,-0.2704,-0.7076,-0.6528,-0.9333,0.3592,-0.0028,0.2365,0.6085,-0.7575,0.3176,0.4133,0,0,0,
	40.7943,22.5665,-70.2113,-0.1807,-0.3769,-0.9085,-0.7393,0.6612,-0.1272,0.6487,0.6487,-0.3981,0.2500,0.4810,0,0,0,
	29.4806,22.5665,-67.9609,-0.3535,-0.3832,-0.8534,-0.7315,0.6819,-0.0032,0.5831,0.6231,-0.5213,0.3384,0.4634,0,0,0,
	40.7943,34.8124,-72.6472,-0.1915,-0.1915,-0.9626,-0.7071,0.7071,0.0000,0.6807,0.6807,-0.2708,0.2500,0.5000,0,0,0,
	40.7943,22.5665,-70.2113,-0.1807,-0.3769,-0.9085,-0.9486,0.3107,0.0598,0.2598,0.8726,-0.4136,0.2500,0.4810,0,0,0,
	40.7943,12.1850,-63.2746,-0.1392,-0.7007,-0.6997,-0.9698,0.2392,-0.0467,0.2001,0.6721,-0.7129,0.2500,0.4268,0,0,0,
	29.4806,22.5665,-67.9609,-0.3535,-0.3832,-0.8534,-0.7315,0.6819,-0.0032,0.5831,0.6231,-0.5213,0.3384,0.4634,0,0,0,
	63.4217,12.1850,-40.6472,0.6997,-0.7007,0.1392,-0.7101,-0.7036,0.0273,0.0788,-0.1179,-0.9899,0.0732,0.2500,0,0,0,
	52.1080,5.2483,-35.9609,0.4089,-0.8967,0.1694,-0.9099,-0.4149,-0.0003,0.0705,-0.1540,-0.9856,0.1616,0.2134,0,0,0,
	53.0401,5.2483,-40.6472,0.3811,-0.9214,0.0758,-0.9235,-0.3832,-0.0151,0.0429,-0.0643,-0.9970,0.1543,0.2500,0,0,0,
	61.6993,12.1850,-31.9880,0.6528,-0.7076,0.2704,-0.7349,-0.6782,-0.0006,0.1838,-0.1983,-0.9627,0.0867,0.1824,0,0,0,
	63.4217,12.1850,-40.6472,0.6997,-0.7007,0.1392,-0.7046,-0.7090,-0.0275,0.1180,-0.0788,-0.9899,0.0732,0.2500,0,0,0,
	68.1080,22.5665,-29.3335,0.8534,-0.3832,0.3535,-0.4095,-0.9123,-0.0004,0.3226,-0.1444,-0.9354,0.0366,0.1616,0,0,0,
	61.6993,12.1850,-31.9880,0.6528,-0.7076,0.2704,-0.7349,-0.6782,-0.0006,0.1838,-0.1983,-0.9627,0.0867,0.1824,0,0,0,
	52.1080,5.2483,-35.9609,0.4089,-0.8967,0.1694,-0.9099,-0.4149,-0.0003,0.0705,-0.1540,-0.9856,0.1616,0.2134,0,0,0,
	63.4217,12.1850,-40.6472,0.6997,-0.7007,0.1392,-0.7101,-0.7036,0.0273,0.0788,-0.1179,-0.9899,0.0732,0.2500,0,0,0,
	56.7943,12.1850,-24.6472,0.4996,-0.7076,0.4996,-0.8160,-0.5780,-0.0026,0.2906,-0.4064,-0.8662,0.1250,0.1250,0,0,0,
	52.1080,5.2483,-35.9609,0.4089,-0.8967,0.1694,-0.9099,-0.4149,-0.0003,0.0705,-0.1540,-0.9856,0.1616,0.2134,0,0,0,
	61.6993,12.1850,-31.9880,0.6528,-0.7076,0.2704,-0.7349,-0.6782,-0.0006,0.1838,-0.1983,-0.9627,0.0867,0.1824,0,0,0,
	56.7943,12.1850,-24.6472,0.4996,-0.7076,0.4996,-0.8160,-0.5780,-0.0026,0.2906,-0.4064,-0.8662,0.1250,0.1250,0,0,0,
	45.4806,5.2483,-29.3335,0.1694,-0.8967,0.4089,-0.9825,-0.1861,-0.0012,0.0771,-0.4015,-0.9126,0.2134,0.1616,0,0,0,
	49.4534,5.2483,-31.9880,0.2703,-0.9241,0.2703,-0.9597,-0.2810,-0.0011,0.0770,-0.2591,-0.9628,0.1824,0.1824,0,0,0,
	49.4534,12.1850,-19.7422,0.2704,-0.7076,0.6528,-0.9333,-0.3592,-0.0028,0.2365,-0.6085,-0.7575,0.1824,0.0867,0,0,0,
	56.7943,12.1850,-24.6472,0.4996,-0.7076,0.4996,-0.8160,-0.5780,-0.0026,0.2906,-0.4064,-0.8662,0.1250,0.1250,0,0,0,
	52.1080,22.5665,-13.3335,0.3535,-0.3832,0.8534,-0.7315,-0.6819,-0.0032,0.5831,-0.6231,-0.5213,0.1616,0.0366,0,0,0,
	49.4534,12.1850,-19.7422,0.2704,-0.7076,0.6528,-0.9333,-0.3592,-0.0028,0.2365,-0.6085,-0.7575,0.1824,0.0867,0,0,0,
	45.4806,5.2483,-29.3335,0.1694,-0.8967,0.4089,-0.9825,-0.1861,-0.0012,0.0771,-0.4015,-0.9126,0.2134,0.1616,0,0,0,
	56.7943,12.1850,-24.6472,0.4996,-0.7076,0.4996,-0.8160,-0.5780,-0.0026,0.2906,-0.4064,-0.8662,0.1250,0.1250,0,0,0,
	40.7943,12.1850,-18.0198,0.1392,-0.7007,0.6997,-0.9860,-0.1639,0.0320,0.0923,-0.6943,-0.7137,0.2500,0.0732,0,0,0,
	45.4806,5.2483,-29.3335,0.1694,-0.8967,0.4089,-0.9825,-0.1861,-0.0012,0.0771,-0.4015,-0.9126,0.2134,0.1616,0,0,0,
	49.4534,12.1850,-19.7422,0.2704,-0.7076,0.6528,-0.9333,-0.3592,-0.0028,0.2365,-0.6085,-0.7575,0.1824,0.0867,0,0,0,
	18.1669,12.1850,-40.6472,-0.6997,-0.7007,-0.1392,-0.7101,0.7036,0.0273,0.0788,0.1179,-0.9899,0.4268,0.2500,0,0,0,
	29.4806,5.2483,-45.3335,-0.4089,-0.8967,-0.1694,-0.9099,0.4149,-0.0003,0.0705,0.1540,-0.9856,0.3384,0.2866,0,0,0,
	28.5484,5.2483,-40.6472,-0.3811,-0.9214,-0.0758,-0.9235,0.3832,-0.0151,0.0429,0.0643,-0.9970,0.3457,0.2500,0,0,0,
	19.8893,12.1850,-49.3063,-0.6528,-0.7076,-0.2704,-0.7349,0.6782,-0.0006,0.1838,0.1983,-0.9627,0.4133,0.3176,0,0,0,
	18.1669,12.1850,-40.6472,-0.6997,-0.7007,-0.1392,-0.7046,0.7090,-0.0275,0.1180,0.0788,-0.9899,0.4268,0.2500,0,0,0,
	13.4806,22.5665,-51.9609,-0.8534,-0.3832,-0.3535,-0.4095,0.9123,-0.0004,0.3226,0.1444,-0.9354,0.4634,0.3384,0,0,0,
	19.8893,12.1850,-49.3063,-0.6528,-0.7076,-0.2704,-0.7349,0.6782,-0.0006,0.1838,0.1983,-0.9627,0.4133,0.3176,0,0,0,
	29.4806,5.2483,-45.3335,-0.4089,-0.8967,-0.1694,-0.9099,0.4149,-0.0003,0.0705,0.1540,-0.9856,0.3384,0.2866,0,0,0,
