local VBOLayout= {  {id = 0, name = "position", size = 3},
      {id = 1, name = "normal", size = 3},
      {id = 2, name = "stangent", size = 3},
      {id = 3, name = "ttangent", size = 3},
      {id = 4, name = "texcoords0", size = 2},
      {id = 5, name = "texcoords1", size = 2},
      {id = 6, name = "pieceindex", size = 1},} --khm, this should be unsigned int
local VBOData = { 	-0.6530,198.1667,-2.6506,-0.8660,0.0282,-0.4992,-0.4937,0.1100,0.8627,0.0792,0.9935,-0.0814,0.8299,0.0210,0,0,0,
	-2.9919,101.9123,-4.0270,-0.8662,0.0173,-0.4993,-0.4971,0.0698,0.8649,0.0498,0.9974,-0.0518,0.7979,0.9851,0,0,0,
	-0.7267,198.1667,-2.0393,-0.9121,0.0309,0.4088,0.4100,0.0604,0.9101,0.0034,0.9977,-0.0677,0.8468,0.0215,0,0,0,
	-4.0525,-4.6475,-0.3903,-0.9125,0.0069,0.4090,0.4091,0.0151,0.9124,0.0001,0.9999,-0.0166,0.7960,0.9932,0,0,0,
	-3.3907,101.9123,-0.7184,-0.9124,0.0189,0.4089,0.4092,0.0123,0.9124,0.0122,0.9997,-0.0189,0.8093,0.0107,0,0,0,
	-3.5729,-4.6475,-4.3689,-0.8664,0.0063,-0.4994,-0.4992,0.0199,0.8663,0.0154,0.9998,-0.0141,0.7617,0.9926,0,0,0,
	-0.5807,-4.6475,-6.6199,-0.1464,0.0068,-0.9892,-0.9891,-0.0149,0.1463,-0.0138,0.9999,0.0089,0.9570,0.9931,0,0,0,
	-3.5729,-4.6475,-4.3689,-0.8664,0.0063,-0.4994,-0.4994,-0.0199,0.8661,-0.0045,0.9998,0.0204,0.9885,0.9926,0,0,0,
	-0.5036,101.9123,-5.8989,-0.1464,0.0185,-0.9891,-0.9892,-0.0125,0.1462,-0.0096,0.9998,0.0202,0.9432,0.0106,0,0,0,
	3.9873,-4.6475,-4.9467,0.8226,0.0077,-0.5686,-0.5686,-0.0080,-0.8226,-0.0109,0.9999,-0.0022,0.9166,0.9936,0,0,0,
	3.2951,101.9123,-4.5075,0.8224,0.0210,-0.5685,-0.5685,-0.0080,-0.8227,-0.0218,0.9997,0.0053,0.9096,0.0110,0,0,0,
	3.9361,-4.6475,0.1801,0.8348,0.0075,0.5505,0.5505,0.0007,-0.8348,-0.0067,1.0000,-0.0036,0.8727,0.9937,0,0,0,
	-0.3989,101.9123,1.3641,-0.0964,0.0192,0.9952,0.9953,0.0053,0.0964,-0.0034,0.9998,-0.0197,0.8398,0.0110,0,0,0,
	-0.4548,-4.6475,2.1139,-0.0965,0.0071,0.9953,0.9953,0.0079,0.0964,-0.0072,0.9999,-0.0078,0.8327,0.9936,0,0,0,
	3.2526,101.9123,-0.2441,0.8347,0.0206,0.5504,0.5505,-0.0027,-0.8348,-0.0157,0.9998,-0.0136,0.8731,0.0111,0,0,0,
	-3.3907,101.9123,-0.7184,-0.9124,0.0189,0.4089,0.4094,0.0414,0.9114,0.0003,0.9990,-0.0456,0.8231,0.9860,0,0,0,
	-0.1739,198.1667,-1.6545,-0.0964,0.0314,0.9948,0.9950,0.0307,0.0955,-0.0275,0.9990,-0.0342,0.8636,0.0219,0,0,0,
	0.5008,198.1667,-1.9516,0.8344,0.0336,0.5502,0.5505,-0.0002,-0.8348,-0.0279,0.9994,-0.0187,0.8804,0.0221,0,0,0,
	3.2526,101.9123,-0.2441,0.8347,0.0206,0.5504,0.5505,0.0003,-0.8348,-0.0174,0.9998,-0.0111,0.8795,0.9868,0,0,0,
	0.5086,198.1667,-2.7394,0.8221,0.0342,-0.5683,-0.5677,-0.0274,-0.8228,-0.0437,0.9990,-0.0031,0.8973,0.0220,0,0,0,
	-0.3989,101.9123,1.3641,-0.0964,0.0192,0.9952,0.9952,0.0213,0.0960,-0.0193,0.9996,-0.0212,0.8501,0.9865,0,0,0,
	3.2951,101.9123,-4.5075,0.8224,0.0210,-0.5685,-0.5684,-0.0138,-0.8227,-0.0251,0.9997,0.0006,0.9118,0.9866,0,0,0,
	-0.5036,101.9123,-5.8989,-0.1464,0.0185,-0.9891,-0.9885,-0.0409,0.1455,-0.0377,0.9990,0.0243,0.9415,0.9859,0,0,0,
	-2.9919,101.9123,-4.0270,-0.8662,0.0173,-0.4993,-0.4990,-0.0786,0.8630,-0.0244,0.9968,0.0767,0.9646,0.9851,0,0,0,
	-0.1932,198.1667,-2.9965,-0.1463,0.0303,-0.9888,-0.9874,-0.0649,0.1441,-0.0598,0.9974,0.0394,0.9141,0.0216,0,0,0,
	-11.5279,9.2224,-17.3895,-0.5740,0.6317,-0.5211,0.3153,-0.4168,-0.8526,-0.7558,-0.6536,0.0401,0.7420,0.5023,0,0,0,
	-29.8245,-2.3984,-17.3895,-0.4486,0.7202,-0.5291,0.2157,-0.4873,-0.8462,-0.8673,-0.4938,0.0632,0.7420,0.0082,0,0,0,
	-16.8984,16.3230,-2.8657,-0.6245,0.7810,0,-0.0019,-0.0015,-1.0000,-0.7810,-0.6245,0.0024,0.3750,0.5023,0,0,0,
	-3.1360,33.9468,-2.8657,-0.7882,0.6155,0,0.0323,0.0414,-0.9986,-0.6146,-0.7871,-0.0525,0.3750,0.9964,0,0,0,
	2.2345,26.8462,-17.3895,-0.6781,0.5295,-0.5096,0.3153,-0.4168,-0.8526,-0.6639,-0.7388,0.1157,0.7420,0.9964,0,0,0,
	2.2345,26.8462,11.6581,-0.6781,0.5295,0.5096,-0.3153,0.4168,-0.8526,-0.6639,-0.7388,-0.1157,0.0080,0.9964,0,0,0,
	-11.5279,9.2224,11.6581,-0.5740,0.6317,0.5211,-0.3153,0.4168,-0.8526,-0.7558,-0.6536,-0.0401,0.0080,0.5023,0,0,0,
	-29.8245,-2.3984,11.6581,-0.4486,0.7202,0.5291,-0.2157,0.4873,-0.8462,-0.8673,-0.4938,-0.0632,0.0080,0.0082,0,0,0,
	-16.5461,12.2217,12.1069,-0.4200,0.6290,0.6541,0.8947,0.4077,0.1825,-0.1519,0.6619,-0.7340,0.0080,0.5023,0,0,0,
	-13.5311,-1.8549,33.3769,-0.4468,0.7202,0.5308,0.8747,0.4763,0.0899,-0.1881,0.5044,-0.8427,0.0080,0.0082,0,0,0,
	2.3316,20.8230,15.9569,0.0852,0.7718,0.6301,0.9916,-0.0042,-0.1290,-0.0969,0.6358,-0.7657,0.3750,0.5023,0,0,0,
	-18.8140,33.5700,-3.8919,-0.3930,0.5244,0.7554,0.8947,0.4077,0.1825,-0.2123,0.7476,-0.6294,0.0080,0.9964,0,0,0,
	0.0638,42.1712,-0.0420,0.1068,0.6035,0.7902,0.9851,0.0433,-0.1662,-0.1346,0.7962,-0.5899,0.3750,0.9964,0,0,0,
	17.1715,33.5700,-8.6786,0.5790,0.5274,0.6217,0.8144,-0.4095,-0.4112,0.0377,0.7444,-0.6667,0.7420,0.9964,0,0,0,
	19.4394,12.2217,7.3203,0.5782,0.6322,0.5158,0.8144,-0.4095,-0.4112,-0.0487,0.6578,-0.7516,0.7420,0.5023,0,0,0,
	22.4544,-1.8549,28.5903,0.5711,0.7232,0.3884,0.8197,-0.4777,-0.3160,-0.0430,0.4989,-0.8656,0.7420,0.0082,0,0,0,
	15.7781,13.4671,-12.0452,0.5526,0.6316,-0.5438,-0.8334,0.4091,-0.3717,-0.0123,0.6586,0.7524,0.0080,0.5023,0,0,0,
	17.2870,2.5037,-28.7026,0.5517,0.7226,-0.4165,-0.8341,0.4773,-0.2766,-0.0011,0.4999,0.8661,0.0080,0.0082,0,0,0,
	2.1302,20.1661,-18.1323,0.0548,0.7717,-0.6336,-0.9964,0.0007,-0.0852,-0.0653,0.6360,0.7689,0.3750,0.5023,0,0,0,
	14.6432,30.0940,0.4841,0.5483,0.5268,-0.6495,-0.8334,0.4091,-0.3717,0.0698,0.7451,0.6633,0.0080,0.9964,0,0,0,
	0.9952,36.7929,-5.6030,0.0686,0.6034,-0.7945,-0.9963,0.0008,-0.0854,-0.0509,0.7975,0.6012,0.3750,0.9964,0,0,0,
	-13.5385,30.0940,-1.9113,-0.4287,0.5249,-0.7353,-0.8849,-0.4079,0.2248,-0.1820,0.7471,0.6393,0.7420,0.9964,0,0,0,
	-12.4035,13.4671,-14.4407,-0.4509,0.6296,-0.6327,-0.8849,-0.4079,0.2248,-0.1166,0.6612,0.7411,0.7420,0.5023,0,0,0,
	-10.8947,2.5037,-31.0980,-0.4717,0.7207,-0.5079,-0.8693,-0.4765,0.1313,-0.1474,0.5035,0.8513,0.7420,0.0082,0,0,0,
	11.6545,21.3887,13.7833,0.5710,0.6316,0.5244,0.3202,0.4168,-0.8507,-0.7559,0.6537,0.0357,0.0080,0.5023,0,0,0,
	31.2516,8.9417,13.8911,0.4457,0.7202,0.5317,0.2207,0.4873,-0.8449,-0.8676,0.4939,0.0582,0.0080,0.0082,0,0,0,
	17.4979,28.9942,-1.7412,0.6245,0.7810,0.0036,0.0077,-0.0015,-1.0000,-0.7810,0.6245,-0.0070,0.3750,0.5023,0,0,0,
	-3.0862,40.2655,13.7022,0.6752,0.5295,0.5135,0.3202,0.4168,-0.8507,-0.6645,0.7389,0.1119,0.0080,0.9964,0,0,0,
	2.7573,47.8710,-1.8223,0.7881,0.6155,0.0045,-0.0265,0.0413,-0.9988,-0.6149,0.7871,0.0489,0.3750,0.9964,0,0,0,
	-2.9038,40.2655,-17.4100,0.6810,0.5296,-0.5057,-0.3103,-0.4169,-0.8544,-0.6633,0.7387,-0.1195,0.7420,0.9964,0,0,0,
	11.8368,21.3887,-17.3290,0.5769,0.6318,-0.5178,-0.3103,-0.4169,-0.8544,-0.7556,0.6535,-0.0444,0.7420,0.5023,0,0,0,
	31.4340,8.9417,-17.2212,0.4516,0.7203,-0.5266,-0.2108,-0.4873,-0.8474,-0.8670,0.4936,-0.0682,0.7420,0.0082,0,0,0,
	-18.6381,28.1956,-5.2686,-0.7420,0.6694,0.0367,0.3897,0.3862,0.8361,0.5455,0.6346,-0.5474,0.0080,0.5023,0,0,0,
	-31.7979,17.5672,7.0452,-0.6518,0.7562,-0.0565,0.4586,0.4525,0.7648,0.6040,0.4726,-0.6418,0.0080,0.0082,0,0,0,
	-12.0843,34.6898,8.7920,-0.4262,0.8020,0.4185,0.7042,0.0038,0.7100,0.5678,0.5973,-0.5664,0.3750,0.5023,0,0,0,
	-8.7395,44.3143,-14.5308,-0.8147,0.5678,0.1175,0.3897,0.3862,0.8361,0.4294,0.7269,-0.5359,0.0080,0.9964,0,0,0,
	-2.1857,50.8085,-0.4701,-0.5461,0.6435,0.5364,0.7034,0.0044,0.7108,0.4551,0.7654,-0.4551,0.3750,0.9964,0,0,0,
	12.0935,44.3143,6.3617,-0.1390,0.5562,0.8193,0.8346,-0.3796,0.3993,0.5331,0.7393,-0.4114,0.7420,0.9964,0,0,0,
	2.1949,28.1956,15.6239,-0.0598,0.6580,0.7506,0.8346,-0.3796,0.3993,0.5477,0.6503,-0.5265,0.7420,0.5023,0,0,0,
	-10.9649,17.5672,27.9376,0.0317,0.7459,0.6653,0.7637,-0.4475,0.4653,0.6448,0.4933,-0.5838,0.7420,0.0082,0,0,0,
	-1.0925,30.9388,19.3240,0.1335,0.6583,0.7408,-0.7902,-0.3804,0.4805,0.5982,-0.6495,0.4694,0.7420,0.5023,0,0,0,
	16.3309,18.0643,32.5933,0.0340,0.7459,0.6651,-0.7126,-0.4485,0.5394,0.7007,-0.4923,0.5163,0.7420,0.0082,0,0,0,
	15.2465,38.8055,9.3883,0.4657,0.8029,0.3722,-0.6281,0.0037,0.7781,0.6233,-0.5962,0.5060,0.3750,0.5023,0,0,0,
	-14.1981,50.4639,9.3431,0.2192,0.5567,0.8013,-0.7902,-0.3804,0.4805,0.5723,-0.7385,0.3565,0.7420,0.9964,0,0,0,
	2.1409,58.3305,-0.5926,0.5971,0.6447,0.4773,-0.6272,0.0043,0.7788,0.5001,-0.7644,0.4070,0.3750,0.9964,0,0,0,
	8.2514,50.4639,-18.3181,0.8224,0.5681,0.0314,-0.3005,0.3869,0.8718,0.4831,-0.7264,0.4889,0.0080,0.9964,0,0,0,
	21.3570,30.9388,-8.3372,0.7418,0.6694,-0.0414,-0.3005,0.3869,0.8718,0.5995,-0.6342,0.4882,0.0080,0.5023,0,0,0,
	38.7804,18.0643,4.9320,0.6427,0.7560,-0.1246,-0.3768,0.4534,0.8077,0.6671,-0.4722,0.5763,0.0080,0.0082,0,0,0,
	4.8347,32.0778,-19.8018,0.0292,0.6580,-0.7524,0.8765,-0.3787,-0.2971,-0.4804,-0.6508,-0.5879,0.7420,0.5023,0,0,0,
	-6.0267,22.0507,-32.7980,0.1100,0.7462,-0.6566,0.8145,-0.4463,-0.3708,-0.5697,-0.4939,-0.6569,0.7420,0.0082,0,0,0,
	-9.3472,38.2047,-14.9948,-0.3730,0.8009,-0.4684,0.7853,0.0037,-0.6191,-0.4942,-0.5987,-0.6303,0.3750,0.5023,0,0,0,
	13.0045,47.2847,-10.0263,-0.0413,0.5559,-0.8302,0.8765,-0.3787,-0.2971,-0.4796,-0.7400,-0.4716,0.7420,0.9964,0,0,0,
	-1.1775,53.4116,-5.2192,-0.4775,0.6421,-0.5998,0.7846,0.0043,-0.6200,-0.3955,-0.7666,-0.5058,0.3750,0.9964,0,0,0,
	-8.9832,47.2847,7.2172,-0.7939,0.5672,-0.2189,0.4906,0.3851,-0.7817,-0.3591,-0.7280,-0.5840,0.0080,0.9964,0,0,0,
	-17.1529,32.0778,-2.5583,-0.7317,0.6692,-0.1296,0.4906,0.3851,-0.7817,-0.4731,-0.6356,-0.6101,0.0080,0.5023,0,0,0,
	-28.0144,22.0507,-15.5546,-0.6537,0.7563,-0.0259,0.5498,0.4512,-0.7030,-0.5200,-0.4738,-0.7108,0.0080,0.0082,0,0,0,
	20.3930,39.3229,1.5506,0.7422,0.6694,-0.0323,0.3848,-0.3862,0.8383,0.5487,-0.6346,-0.5443,0.7420,0.5023,0,0,0,
	34.5655,27.9389,-11.5609,0.6515,0.7562,0.0603,0.4542,-0.4525,0.7674,0.6077,-0.4726,-0.6383,0.7420,0.0082,0,0,0,
	13.4617,46.2788,-13.5481,0.4285,0.8020,-0.4160,0.7002,-0.0038,0.7140,0.5711,-0.5973,-0.5632,0.3750,0.5023,0,0,0,
	9.7327,56.5876,11.4128,0.8154,0.5678,-0.1127,0.3848,-0.3862,0.8383,0.4325,-0.7269,-0.5334,0.7420,0.9964,0,0,0,
	2.8014,63.5435,-3.6858,0.5491,0.6436,-0.5332,0.6993,-0.0044,0.7148,0.4577,-0.7653,-0.4525,0.3750,0.9964,0,0,0,
	-12.4499,56.5876,-11.0874,0.1436,0.5562,-0.8185,0.8323,0.3796,0.4039,0.5354,-0.7393,-0.4085,0.0080,0.9964,0,0,0,
	-1.7896,39.3229,-20.9496,0.0640,0.6581,-0.7502,0.8323,0.3796,0.4039,0.5506,-0.6503,-0.5234,0.0080,0.5023,0,0,0,
	12.3829,27.9389,-34.0611,-0.0280,0.7459,-0.6654,0.7611,0.4475,0.4696,0.6481,-0.4933,-0.5802,0.0080,0.0082,0,0,0,
	17.6809,47.4702,-4.4952,0.7097,0.6685,-0.2222,-0.5852,0.3839,-0.7143,-0.3922,0.6370,0.6637,0.0080,0.5023,0,0,0,
	26.2457,38.0429,-17.8486,0.6453,0.7560,-0.1095,-0.6338,0.4498,-0.6293,-0.4265,0.4755,0.7694,0.0080,0.0082,0,0,0,
	8.8989,53.2306,-15.2135,0.3130,0.7999,-0.5121,-0.8556,0.0033,-0.5177,-0.4124,0.6001,0.6854,0.3750,0.5023,0,0,0,
	11.2385,61.7674,5.5490,0.7602,0.5663,-0.3185,-0.5852,0.3839,-0.7143,-0.2822,0.7294,0.6232,0.0080,0.9964,0,0,0,
	2.4565,67.5278,-5.1693,0.4003,0.6407,-0.6552,-0.8550,0.0039,-0.5186,-0.3297,0.7678,0.5494,0.3750,0.9964,0,0,0,
	-11.3535,61.7674,-8.0485,-0.0590,0.5559,-0.8291,-0.9063,-0.3780,-0.1890,-0.4185,0.7403,0.5261,0.7420,0.9964,0,0,0,
	-4.9111,47.4702,-18.0927,-0.1197,0.6584,-0.7431,-0.9063,-0.3780,-0.1890,-0.4053,0.6509,0.6419,0.7420,0.5023,0,0,0,
	3.6538,38.0429,-31.4462,-0.1884,0.7468,-0.6378,-0.8539,-0.4453,-0.2692,-0.4851,0.4940,0.7216,0.7420,0.0082,0,0,0,
	-2.9112,49.9034,-21.9653,-0.3057,0.6598,-0.6864,0.6492,-0.3829,-0.6572,-0.6965,-0.6465,-0.3113,0.7420,0.5023,0,0,0,
	-20.8654,38.4838,-29.7216,-0.1906,0.7468,-0.6372,0.5585,-0.4513,-0.6960,-0.8073,-0.4885,-0.3311,0.7420,0.0082,0,0,0,
	-14.7424,56.8811,-9.9900,-0.5407,0.8047,-0.2451,0.4163,0.0028,-0.9092,-0.7310,-0.5936,-0.3366,0.3750,0.5023,0,0,0,
	10.5937,67.2221,-16.1312,-0.4037,0.5588,-0.7244,0.6492,-0.3829,-0.6572,-0.6446,-0.7356,-0.2082,0.7420,0.9964,0,0,0,
	-1.2375,74.1998,-4.1558,-0.6942,0.6473,-0.3148,0.4155,0.0033,-0.9096,-0.5878,-0.7622,-0.2713,0.3750,0.9964,0,0,0,
	-2.5287,67.2221,12.3728,-0.8042,0.5675,0.1768,0.0718,0.3879,-0.9189,-0.5901,-0.7262,-0.3527,0.0080,0.9964,0,0,0,
	-16.0335,49.9034,6.5387,-0.7085,0.6683,0.2268,0.0718,0.3879,-0.9189,-0.7021,-0.6347,-0.3228,0.0080,0.5023,0,0,0,
	-33.9878,38.4838,-1.2175,-0.5925,0.7545,0.2823,0.1624,0.4551,-0.8755,-0.7890,-0.4729,-0.3922,0.0080,0.0082,0,0,0,
	0.7420,50.9137,12.9318,0.1499,0.6584,0.7376,-0.7791,-0.3807,0.4981,0.6087,-0.6493,0.4559,0.7420,0.5023,0,0,0,
	12.9911,42.0197,21.8305,0.0486,0.7460,0.6642,-0.7001,-0.4488,0.5553,0.7123,-0.4920,0.5004,0.7420,0.0082,0,0,0,
	11.8650,56.3482,5.8206,0.4739,0.8031,0.3613,-0.6101,0.0036,0.7923,0.6349,-0.5959,0.4917,0.3750,0.5023,0,0,0,
	-8.4715,64.4022,6.2384,0.2369,0.5569,0.7961,-0.7791,-0.3807,0.4981,0.5804,-0.7382,0.3437,0.7420,0.9964,0,0,0,
	2.6515,69.8367,-0.8729,0.6077,0.6450,0.4634,-0.6092,0.0043,0.7930,0.5095,-0.7642,0.3956,0.3750,0.9964,0,0,0,
	6.5837,64.4022,-13.2081,0.8229,0.5681,0.0120,-0.2800,0.3870,0.8785,0.4944,-0.7263,0.4776,0.0080,0.9964,0,0,0,
	15.7973,50.9137,-6.5147,0.7406,0.6693,-0.0588,-0.2800,0.3870,0.8785,0.6108,-0.6342,0.4741,0.0080,0.5023,0,0,0,
	28.0463,42.0197,2.3841,0.6397,0.7559,-0.1396,-0.3579,0.4536,0.8162,0.6803,-0.4721,0.5607,0.0080,0.0082,0,0,0,
	-17.4160,57.3401,-2.1684,-0.7110,0.6686,0.2181,-0.5811,-0.3839,-0.7176,-0.3960,-0.6369,0.6615,0.7420,0.5023,0,0,0,
	-26.6735,47.2425,12.0838,-0.6459,0.7561,0.1058,-0.6302,-0.4498,-0.6329,-0.4309,-0.4754,0.7670,0.7420,0.0082,0,0,0,
	-8.0771,63.5100,9.3636,-0.3158,0.7999,0.5102,-0.8526,-0.0034,-0.5225,-0.4162,-0.6001,0.6831,0.3750,0.5023,0,0,0,
	-10.4527,72.6538,-12.8886,-0.7620,0.5663,0.3141,-0.5811,-0.3839,-0.7176,-0.2858,-0.7293,0.6217,0.7420,0.9964,0,0,0,
	-1.1138,78.8237,-1.3567,-0.4040,0.6407,0.6529,-0.8521,-0.0039,-0.5234,-0.3328,-0.7677,0.5476,0.3750,0.9964,0,0,0,
	13.6598,72.6538,1.8085,0.0545,0.5559,0.8295,-0.9052,0.3781,-0.1939,-0.4214,-0.7403,0.5238,0.0080,0.9964,0,0,0,
	6.6964,57.3401,12.5287,0.1156,0.6583,0.7438,-0.9052,0.3781,-0.1939,-0.4089,-0.6509,0.6396,0.0080,0.5023,0,0,0,
	-2.5610,47.2425,26.7809,0.1848,0.7467,0.6389,-0.8524,0.4454,-0.2739,-0.4891,-0.4940,0.7189,0.0080,0.0082,0,0,0,
	-10.5497,66.7521,-13.6609,-0.5795,0.6648,-0.4714,-0.2724,0.3871,0.8809,0.7681,0.6389,-0.0432,0.0080,0.5023,0,0,0,
	-24.4386,58.6728,-12.9488,-0.4530,0.7509,-0.4805,-0.1722,0.4552,0.8736,0.8747,0.4785,-0.0769,0.0080,0.0082,0,0,0,
	-14.0241,71.6887,-2.4269,-0.5909,0.8061,0.0318,0.0543,0.0004,0.9985,0.8049,0.5917,-0.0440,0.3750,0.5023,0,0,0,
	-0.1027,79.0049,-14.1965,-0.6855,0.5644,-0.4600,-0.2724,0.3871,0.8809,0.6752,0.7292,-0.1116,0.0080,0.9964,0,0,0,
	-3.5771,83.9415,-2.9625,-0.7594,0.6493,0.0409,0.0541,0.0005,0.9985,0.6483,0.7605,-0.0355,0.3750,0.9964,0,0,0,
	1.1020,79.0049,7.8535,-0.6332,0.5631,0.5310,0.3662,-0.3864,0.8465,0.6818,0.7305,0.0384,0.7420,0.9964,0,0,0,
	-9.3450,66.7521,8.3890,-0.5270,0.6636,0.5309,0.3662,-0.3864,0.8465,0.7669,0.6406,-0.0394,0.7420,0.5023,0,0,0,
	-23.2340,58.6728,9.1011,-0.4008,0.7498,0.5264,0.2660,-0.4546,0.8500,0.8767,0.4807,-0.0172,0.7420,0.0082,0,0,0,
	-13.1357,68.8373,8.9251,-0.3713,0.6610,0.6521,-0.9155,-0.3778,-0.1382,0.1550,-0.6483,0.7454,0.7420,0.5023,0,0,0,
	-9.9649,59.0507,24.9537,-0.3989,0.7498,0.5279,-0.8948,-0.4442,-0.0452,0.2006,-0.4904,0.8481,0.7420,0.0082,0,0,0,
	1.3540,74.8173,11.1129,0.1117,0.7978,0.5925,-0.9830,0.0014,0.1835,0.1455,-0.6030,0.7844,0.3750,0.5023,0,0,0,
	-15.5208,83.6795,-3.1314,-0.3443,0.5580,0.7550,-0.9155,-0.3778,-0.1382,0.2081,-0.7388,0.6409,0.7420,0.9964,0,0,0,
	-1.0311,89.6595,-0.9436,0.1426,0.6378,0.7569,-0.9830,0.0016,0.1839,0.1161,-0.7702,0.6271,0.3750,0.9964,0,0,0,
	11.5972,83.6795,-8.1654,0.5948,0.5623,0.5745,-0.8029,0.3802,0.4592,0.0397,-0.7344,0.6776,0.0080,0.9964,0,0,0,
	13.9822,68.8373,3.8911,0.5823,0.6652,0.4674,-0.8029,0.3802,0.4592,0.1277,-0.6426,0.7555,0.0080,0.5023,0,0,0,
	17.1531,59.0507,19.9197,0.5626,0.7536,0.3400,-0.8176,0.4460,0.3642,0.1229,-0.4828,0.8671,0.0080,0.0082,0,0,0,
	10.3998,69.7032,-10.6667,0.5042,0.6635,-0.5528,0.8635,-0.3790,0.3328,0.0113,-0.6451,-0.7640,0.7420,0.5023,0,0,0,
	10.8544,62.0810,-23.3700,0.5041,0.7521,-0.4245,0.8636,-0.4449,0.2372,-0.0105,-0.4862,-0.8738,0.7420,0.0082,0,0,0,
	-0.2127,74.3606,-14.7563,0.0206,0.7975,-0.6030,0.9994,-0.0003,0.0337,0.0268,-0.6033,-0.7970,0.3750,0.5023,0,0,0,
	10.0579,81.2629,-1.1116,0.5003,0.5604,-0.6601,0.8635,-0.3790,0.3328,-0.0637,-0.7364,-0.6735,0.7420,0.9964,0,0,0,
	-0.5546,85.9203,-5.2011,0.0262,0.6374,-0.7701,0.9994,-0.0003,0.0338,0.0213,-0.7706,-0.6370,0.3750,0.9964,0,0,0,
	-11.4340,81.2629,-1.8332,-0.4542,0.5596,-0.6932,0.8842,0.3785,-0.2737,0.1092,-0.7373,-0.6667,0.0080,0.9964,0,0,0,
	-11.0921,69.7032,-11.3884,-0.4653,0.6627,-0.5868,0.8842,0.3785,-0.2737,0.0407,-0.6462,-0.7621,0.0080,0.5023,0,0,0,
	-10.6376,62.0810,-24.0916,-0.4740,0.7514,-0.4591,0.8778,0.4446,-0.1785,0.0700,-0.4876,-0.8703,0.0080,0.0082,0,0,0,
	8.3408,75.2106,9.1001,0.5768,0.6647,0.4747,-0.2776,-0.3871,0.8793,0.7682,-0.6390,-0.0388,0.7420,0.5023,0,0,0,
	23.2214,66.5569,8.4193,0.4503,0.7509,0.4831,-0.1773,-0.4552,0.8726,0.8751,-0.4786,-0.0719,0.7420,0.0082,0,0,0,
	12.1326,80.4982,-2.9119,0.5910,0.8062,-0.0284,0.0484,-0.0004,0.9988,0.8052,-0.5917,-0.0393,0.3750,0.5023,0,0,0,
	-2.8522,88.3345,9.6122,0.6829,0.5643,0.4640,-0.2776,-0.3871,0.8793,0.6758,-0.7292,-0.1077,0.7420,0.9964,0,0,0,
	0.9397,93.6222,-2.3998,0.7597,0.6493,-0.0365,0.0483,-0.0004,0.9988,0.6485,-0.7605,-0.0317,0.3750,0.9964,0,0,0,
	-4.0041,88.3345,-14.0121,0.6362,0.5632,-0.5273,0.3613,0.3864,0.8486,0.6817,-0.7304,0.0424,0.0080,0.9964,0,0,0,
	7.1889,75.2106,-14.5242,0.5300,0.6637,-0.5278,0.3613,0.3864,0.8486,0.7672,-0.6405,-0.0350,0.0080,0.5023,0,0,0,
	22.0695,66.5569,-15.2051,0.4037,0.7499,-0.5241,0.2610,0.4547,0.8516,0.8769,-0.4806,-0.0122,0.0080,0.0082,0,0,0,
	-7.8222,86.3750,7.2055,-0.3929,0.7014,0.5948,0.8369,0.0047,0.5473,0.3810,0.7128,-0.5889,0.3750,0.5023,0,0,0,
	-14.3364,80.8978,-1.3318,-0.7599,0.6275,0.1697,0.5638,0.5063,0.6526,0.3236,0.5916,-0.7385,0.0080,0.5023,0,0,0,
	-13.5266,79.3610,15.4528,-0.3205,0.8140,0.4844,0.8374,0.0044,0.5466,0.4428,0.5808,-0.6831,0.3750,0.0082,0,0,0,
	-2.5506,99.9692,-0.4160,-0.4552,0.5632,0.6897,0.8365,0.0051,0.5480,0.3051,0.8263,-0.4734,0.3750,0.9964,0,0,0,
	-9.0649,94.4921,-8.9533,-0.8157,0.4893,0.3085,0.5404,0.4543,0.7082,0.2063,0.7444,-0.6350,0.0080,0.9964,0,0,0,
	8.0778,94.4921,2.1731,0.0331,0.4790,0.8772,0.8688,-0.4477,0.2116,0.4941,0.7551,-0.4309,0.7420,0.9964,0,0,0,
	2.8063,80.8978,9.7946,0.1347,0.6165,0.7757,0.8275,-0.5006,0.2541,0.5450,0.6077,-0.5777,0.7420,0.5023,0,0,0,
	10.6520,89.8460,3.7659,0.6342,0.7067,0.3137,-0.4471,0.0041,0.8945,0.6308,-0.7075,0.3186,0.3750,0.5023,0,0,0,
	1.1490,83.2114,12.7456,0.2619,0.6173,0.7418,-0.5898,-0.5061,0.6293,0.7639,-0.6023,0.2316,0.7420,0.5023,0,0,0,
	21.8091,81.3499,9.0382,0.5153,0.8184,0.2545,-0.4478,0.0038,0.8941,0.7307,-0.5747,0.3684,0.3750,0.0082,0,0,0,
	0.3414,106.3131,-1.1064,0.7368,0.5693,0.3648,-0.4464,0.0044,0.8948,0.5078,-0.8221,0.2574,0.3750,0.9964,0,0,0,
	-9.1616,99.6785,7.8733,0.4005,0.4815,0.7796,-0.6482,-0.4525,0.6125,0.6477,-0.7506,0.1308,0.7420,0.9964,0,0,0,
	1.7974,99.6785,-13.8887,0.8573,0.4904,-0.1569,-0.1006,0.4583,0.8831,0.5049,-0.7413,0.4423,0.0080,0.9964,0,0,0,
	12.1080,83.2114,-9.0164,0.7390,0.6267,-0.2472,-0.1503,0.5110,0.8463,0.6567,-0.5883,0.4718,0.0080,0.5023,0,0,0,
	-9.5432,89.3394,-9.1800,-0.5497,0.7045,-0.4488,0.6364,0.0051,-0.7714,-0.5412,-0.7096,-0.4511,0.3750,0.5023,0,0,0,
	-0.7231,84.1721,-14.4066,-0.0954,0.6162,-0.7817,0.7156,-0.5034,-0.4842,-0.6919,-0.6056,-0.3930,0.7420,0.5023,0,0,0,
	-17.0742,82.7222,-15.0534,-0.4474,0.8166,-0.3647,0.6370,0.0047,-0.7708,-0.6277,-0.5772,-0.5223,0.3750,0.0082,0,0,0,
	-2.5836,102.1646,-3.7523,-0.6379,0.5668,-0.5213,0.6357,0.0054,-0.7720,-0.4347,-0.8238,-0.3638,0.3750,0.9964,0,0,0,
	6.2364,96.9973,-8.9788,-0.2220,0.4797,-0.8489,0.7682,-0.4501,-0.4552,-0.6004,-0.7532,-0.2686,0.7420,0.9964,0,0,0,
	-5.9720,96.9973,5.7104,-0.8702,0.4907,-0.0437,0.2998,0.4572,-0.8373,-0.3909,-0.7417,-0.5450,0.0080,0.9964,0,0,0,
	-12.9315,84.1721,0.2826,-0.7750,0.6278,0.0717,0.3396,0.5095,-0.7906,-0.5329,-0.5884,-0.6081,0.0080,0.5023,0,0,0,
	6.0166,96.1489,-11.4121,0.3962,0.7014,-0.5925,0.8339,-0.0047,0.5520,0.3843,-0.7127,-0.5868,0.3750,0.5023,0,0,0,
	12.9403,90.2824,-2.2296,0.7609,0.6275,-0.1652,0.5600,-0.5063,0.6558,0.3278,-0.5915,-0.7367,0.7420,0.5023,0,0,0,
	12.1782,88.6364,-20.2120,0.3232,0.8141,-0.4825,0.8343,-0.0045,0.5513,0.4466,-0.5807,-0.6806,0.3750,0.0082,0,0,0,
	0.3225,110.7097,-3.2799,0.4591,0.5632,-0.6871,0.8334,-0.0051,0.5527,0.3078,-0.8263,-0.4717,0.3750,0.9964,0,0,0,
	7.2462,104.8431,5.9026,0.8175,0.4893,-0.3038,0.5363,-0.4544,0.7113,0.2100,-0.7444,-0.6339,0.7420,0.9964,0,0,0,
	-11.0452,104.8431,-6.1156,-0.0283,0.4789,-0.8774,0.8676,0.4477,0.2164,0.4965,-0.7551,-0.4282,0.0080,0.9964,0,0,0,
	-5.3511,90.2824,-14.2478,-0.1305,0.6165,-0.7765,0.8261,0.5006,0.2587,0.5482,-0.6077,-0.5746,0.0080,0.5023,0,0,0,
	11.9175,103.8915,-4.0699,0.6913,0.7083,-0.1430,-0.2046,0.0021,-0.9788,-0.6930,0.7059,0.1464,0.3750,0.5023,0,0,0,
	10.3590,98.4144,6.4385,0.6532,0.6243,0.4284,0.0728,0.5114,-0.8563,-0.7536,0.5905,0.2886,0.0080,0.5023,0,0,0,
	21.9587,96.8776,-6.0546,0.5610,0.8197,-0.1159,-0.2050,0.0019,-0.9788,-0.8020,0.5729,0.1691,0.3750,0.0082,0,0,0,
	2.6381,117.4857,-2.2358,0.8038,0.5711,-0.1664,-0.2043,0.0022,-0.9789,-0.5587,0.8209,0.1185,0.3750,0.9964,0,0,0,
	1.0797,112.0086,8.2726,0.7893,0.4886,0.3717,0.1304,0.4583,-0.8792,-0.6000,0.7425,0.2980,0.0080,0.9964,0,0,0,
	-3.0456,112.0086,-11.3128,0.5798,0.4842,-0.6552,-0.4725,-0.4553,-0.7546,-0.6637,0.7471,-0.0352,0.7420,0.9964,0,0,0,
	6.2337,98.4144,-13.1469,0.4350,0.6197,-0.6533,-0.4110,-0.5089,-0.7564,-0.8011,0.5975,0.0333,0.7420,0.5023,0,0,0,
	-3.7216,107.3625,-14.1984,-0.2339,0.6992,-0.6756,0.9460,0.0032,-0.3242,-0.2246,-0.7149,-0.6622,0.3750,0.5023,0,0,0,
	9.5535,100.7279,-14.1183,0.3191,0.6183,-0.7183,0.8651,-0.4995,-0.0456,-0.3869,-0.6068,-0.6943,0.7420,0.5023,0,0,0,
	-7.8350,98.8664,-25.5443,-0.1911,0.8123,-0.5511,0.9462,0.0030,-0.3237,-0.2613,-0.5833,-0.7691,0.3750,0.0082,0,0,0,
	0.0796,123.8297,-3.7133,-0.2707,0.5607,-0.7825,0.9458,0.0034,-0.3247,-0.1794,-0.8280,-0.5312,0.3750,0.9964,0,0,0,
	13.3548,117.1950,-3.6333,0.2449,0.4799,-0.8425,0.8945,-0.4470,0.0054,-0.3740,-0.7549,-0.5387,0.7420,0.9964,0,0,0,
	-10.2288,117.1950,4.3899,-0.7116,0.4868,-0.5066,0.7015,0.4515,-0.5514,-0.0397,-0.7478,-0.6628,0.0080,0.9964,0,0,0,
	-14.0300,100.7279,-6.0952,-0.6925,0.6257,-0.3591,0.7101,0.5033,-0.4925,-0.1274,-0.5960,-0.7928,0.0080,0.5023,0,0,0,
	1.2555,106.8559,8.7595,0.0801,0.6982,0.7114,-0.9938,0.0011,0.1108,0.0766,-0.7159,0.6940,0.3750,0.5023,0,0,0,
	-8.8111,101.6886,6.4741,-0.4675,0.6206,0.6295,-0.8545,-0.4997,-0.1419,0.2265,-0.6042,0.7639,0.7420,0.5023,0,0,0,
	2.3530,100.2387,18.0648,0.0655,0.8114,0.5808,-0.9939,0.0011,0.1106,0.0891,-0.5845,0.8065,0.3750,0.0082,0,0,0,
	0.2413,119.6811,0.1603,0.0927,0.5595,0.8236,-0.9938,0.0012,0.1110,0.0611,-0.8288,0.5562,0.3750,0.9964,0,0,0,
	-9.8253,114.5138,-2.1251,-0.4217,0.4817,0.7682,-0.8720,-0.4476,-0.1980,0.2485,-0.7534,0.6088,0.7420,0.9964,0,0,0,
	9.5165,114.5138,-4.2657,0.5817,0.4842,0.6536,-0.8063,0.4492,0.3848,-0.1073,-0.7508,0.6517,0.0080,0.9964,0,0,0,
	10.5306,101.6886,4.3336,0.5956,0.6233,0.5068,-0.8017,0.5011,0.3259,-0.0508,-0.6004,0.7981,0.0080,0.5023,0,0,0,
	-11.4341,113.6655,-0.2442,-0.6921,0.7083,0.1390,-0.1990,-0.0020,-0.9800,-0.6939,-0.7059,0.1423,0.3750,0.5023,0,0,0,
	-9.6989,107.7989,-11.4904,-0.6508,0.6242,-0.4322,0.0778,-0.5114,-0.8558,-0.7552,-0.5906,0.2843,0.7420,0.5023,0,0,0,
	-22.2015,106.1529,1.8224,-0.5616,0.8197,0.1127,-0.1993,-0.0019,-0.9799,-0.8030,-0.5728,0.1644,0.3750,0.0082,0,0,0,
	-1.4836,128.2262,-2.1540,-0.8047,0.5712,0.1618,-0.1986,-0.0022,-0.9801,-0.5594,-0.8208,0.1152,0.3750,0.9964,0,0,0,
	0.2516,122.3596,-13.4002,-0.7872,0.4886,-0.3763,0.1355,-0.4582,-0.8784,-0.6016,-0.7425,0.2945,0.7420,0.9964,0,0,0,
	4.5471,122.3596,7.6017,-0.5835,0.4843,0.6519,-0.4681,0.4554,-0.7573,-0.6636,-0.7471,-0.0390,0.0080,0.9964,0,0,0,
	-5.4033,107.7989,9.5115,-0.4386,0.6197,0.6508,-0.4066,0.5089,-0.7587,-0.8014,-0.5974,0.0288,0.0080,0.5023,0,0,0,
	-9.2384,118.8430,2.1901,-0.6039,0.7059,0.3702,0.5265,0.0046,0.8501,0.5984,0.7083,-0.3745,0.3750,0.5023,0,0,0,
	-11.0041,114.3949,-6.2604,-0.7582,0.6273,-0.1780,0.2278,0.5105,0.8291,0.6109,0.5881,-0.5300,0.0080,0.5023,0,0,0,
	-16.3612,113.1468,6.3606,-0.4910,0.8177,0.3005,0.5272,0.0043,0.8497,0.6935,0.5756,-0.4332,0.3750,0.0082,0,0,0,
	-2.6560,129.8834,-1.6639,-0.7013,0.5683,0.4302,0.5258,0.0050,0.8506,0.4813,0.8228,-0.3023,0.3750,0.9964,0,0,0,
	-4.4217,125.4352,-10.1144,-0.8680,0.4906,-0.0769,0.1818,0.4580,0.8701,0.4622,0.7413,-0.4868,0.0080,0.9964,0,0,0,
	4.2470,125.4352,3.7786,-0.3306,0.4807,0.8122,0.7007,-0.4515,0.5524,0.6322,0.7517,-0.1875,0.7420,0.9964,0,0,0,
	-2.3353,114.3949,7.6327,-0.1961,0.6168,0.7623,0.6443,-0.5050,0.5744,0.7392,0.6038,-0.2983,0.7420,0.5023,0,0,0,
	5.5764,121.6620,5.8075,0.4439,0.7023,0.5566,-0.7849,0.0050,0.6196,0.4323,-0.7119,0.5535,0.3750,0.5023,0,0,0,
	-4.6015,116.2738,9.2527,-0.0667,0.6162,0.7847,-0.8017,-0.5013,0.3255,0.5939,-0.6074,0.5275,0.7420,0.5023,0,0,0,
	11.9167,114.7619,13.4006,0.3618,0.8148,0.4530,-0.7854,0.0047,0.6189,0.5022,-0.5797,0.6417,0.3750,0.0082,0,0,0,
	-0.2829,135.0355,-1.2095,0.5145,0.5642,0.6457,-0.7843,0.0054,0.6203,0.3465,-0.8256,0.4453,0.3750,0.9964,0,0,0,
	-10.4608,129.6473,2.2357,0.0432,0.4790,0.8768,-0.8467,-0.4483,0.2866,0.5303,-0.7548,0.3862,0.7420,0.9964,0,0,0,
	5.3221,129.6473,-10.1311,0.8403,0.4899,0.2320,-0.4736,0.4553,0.7539,0.2637,-0.7434,0.6146,0.0080,0.9964,0,0,0,
	11.1814,116.2738,-3.1142,0.7721,0.6278,0.0988,-0.5021,0.5073,0.7004,0.3896,-0.5903,0.7069,0.0080,0.5023,0,0,0,
	-4.6933,121.2505,-10.4405,-0.3109,0.7001,-0.6428,0.9019,0.0040,-0.4319,-0.2998,-0.7140,-0.6327,0.3750,0.5023,0,0,0,
	3.6509,117.0540,-11.3511,0.2343,0.6173,-0.7510,0.8540,-0.4998,-0.1444,-0.4645,-0.6075,-0.6443,0.7420,0.5023,0,0,0,
	-8.1521,115.8765,-17.2690,-0.2539,0.8130,-0.5240,0.9022,0.0038,-0.4313,-0.3487,-0.5822,-0.7345,0.3750,0.0082,0,0,0,
	-1.4970,131.6663,-4.1300,-0.3600,0.5618,-0.7449,0.9016,0.0043,-0.4325,-0.2398,-0.8273,-0.5080,0.3750,0.9964,0,0,0,
	6.8473,127.4698,-5.0407,0.1466,0.4793,-0.8653,0.8892,-0.4472,-0.0970,-0.4335,-0.7552,-0.4917,0.7420,0.9964,0,0,0,
	-7.3465,127.4698,1.7057,-0.7665,0.4881,-0.4174,0.6312,0.4528,-0.6297,-0.1184,-0.7461,-0.6552,0.0080,0.9964,0,0,0,
	-10.5429,117.0540,-4.6048,-0.7300,0.6267,-0.2726,0.6468,0.5046,-0.5718,-0.2208,-0.5938,-0.7737,0.0080,0.5023,0,0,0,
	7.5485,126.7808,-6.9045,0.6060,0.7059,-0.3667,0.5216,-0.0046,0.8532,0.6006,-0.7083,-0.3710,0.3750,0.5023,0,0,0,
	9.3867,122.0164,2.1571,0.7572,0.6272,0.1824,0.2230,-0.5106,0.8304,0.6140,-0.5881,-0.5264,0.7420,0.5023,0,0,0,
	15.2038,120.6795,-11.3294,0.4926,0.8177,-0.2977,0.5223,-0.0043,0.8527,0.6960,-0.5756,-0.4292,0.3750,0.0082,0,0,0,
	0.4741,138.6060,-2.8152,0.7038,0.5684,-0.4262,0.5209,-0.0049,0.8536,0.4831,-0.8227,-0.2996,0.3750,0.9964,0,0,0,
	2.3123,133.8416,6.2463,0.8675,0.4906,0.0820,0.1767,-0.4581,0.8712,0.4650,-0.7413,-0.4841,0.7420,0.9964,0,0,0,
	-6.8854,133.8416,-8.6853,0.3351,0.4807,-0.8103,0.6975,0.4516,0.5564,0.6334,-0.7517,-0.1840,0.0080,0.9964,0,0,0,
	0.1890,122.0164,-12.7745,0.2003,0.6168,-0.7612,0.6410,0.5051,0.5780,0.7409,-0.6037,-0.2942,0.0080,0.5023,0,0,0,
	8.2343,133.7537,-8.0422,0.5618,0.6633,-0.4944,-0.6645,0.0059,-0.7473,-0.4927,0.7483,0.4441,0.3750,0.5023,0,0,0,
	11.5728,128.5831,0.2634,0.8105,0.5841,0.0447,-0.3569,0.5529,-0.7529,-0.4645,0.5943,0.6566,0.0080,0.5023,0,0,0,
	14.7294,127.1323,-13.5082,0.4679,0.7825,-0.4108,-0.6651,0.0057,-0.7467,-0.5820,0.6226,0.5231,0.3750,0.0082,0,0,0,
	2.2319,146.5871,-2.9909,0.6402,0.5215,-0.5641,-0.6638,0.0061,-0.7479,-0.3866,0.8533,0.3500,0.3750,0.9964,0,0,0,
	5.5705,141.4166,5.3147,0.8906,0.4478,-0.0793,-0.3230,0.5002,-0.8034,-0.3201,0.7412,0.5901,0.0080,0.9964,0,0,0,
	-5.7912,141.4166,-7.3541,0.1957,0.4371,-0.8779,-0.7645,-0.4927,-0.4157,-0.6142,0.7525,0.2377,0.7420,0.9964,0,0,0,
	0.2111,128.5831,-12.4054,0.0687,0.5722,-0.8172,-0.7110,-0.5466,-0.4425,-0.6999,0.6114,0.3693,0.7420,0.5023,0,0,0,
	-7.5150,137.0305,-9.1933,-0.5600,0.6633,-0.4965,0.6673,0.0059,-0.7447,-0.4910,-0.7484,-0.4459,0.3750,0.5023,0,0,0,
	2.2242,130.7672,-14.4431,-0.0657,0.5722,-0.8175,0.7126,-0.5465,-0.4398,-0.6985,-0.6115,-0.3718,0.7420,0.5023,0,0,0,
	-15.3569,129.0099,-15.8432,-0.4664,0.7825,-0.4126,0.6679,0.0057,-0.7442,-0.5800,-0.6226,-0.5253,0.3750,0.0082,0,0,0,
	-0.2681,152.5760,-3.0480,-0.6381,0.5214,-0.5665,0.6667,0.0061,-0.7453,-0.3852,-0.8533,-0.3515,0.3750,0.9964,0,0,0,
	9.4711,146.3127,-8.2977,-0.1925,0.4371,-0.8786,0.7660,-0.4926,-0.4129,-0.6133,-0.7525,-0.2400,0.7420,0.9964,0,0,0,
	-4.3513,146.3127,6.9980,-0.8903,0.4477,-0.0827,0.3261,0.5001,-0.8022,-0.3178,-0.7412,-0.5913,0.0080,0.9964,0,0,0,
	-11.5982,130.7672,0.8526,-0.8106,0.5841,0.0415,0.3598,0.5528,-0.7516,-0.4620,-0.5943,-0.6583,0.0080,0.5023,0,0,0,
	5.9065,136.5522,5.6003,0.4371,0.6608,0.6102,-0.8158,0.0056,0.5783,0.3787,-0.7505,0.5415,0.3750,0.5023,0,0,0,
	-2.4268,131.6741,7.9548,-0.1119,0.5724,0.8123,-0.7927,-0.5444,0.2744,0.5993,-0.6132,0.5147,0.7420,0.5023,0,0,0,
	10.6740,130.3054,11.9643,0.3647,0.7804,0.5079,-0.8162,0.0054,0.5778,0.4481,-0.6253,0.6389,0.3750,0.0082,0,0,0,
	1.5008,148.6596,-0.2808,0.4975,0.5188,0.6953,-0.8153,0.0057,0.5790,0.2964,-0.8549,0.4258,0.3750,0.9964,0,0,0,
	-6.8325,143.7816,2.0737,-0.0013,0.4365,0.8997,-0.8384,-0.4908,0.2369,0.5450,-0.7540,0.3667,0.7420,0.9964,0,0,0,
	6.3956,143.7816,-7.2252,0.8483,0.4467,0.2842,-0.4996,0.4979,0.7088,0.1752,-0.7433,0.6456,0.0080,0.9964,0,0,0,
	10.8013,131.6741,-1.3441,0.7988,0.5838,0.1452,-0.5209,0.5504,0.6525,0.3011,-0.5968,0.7437,0.0080,0.5023,0,0,0,
	-7.2072,142.9807,4.0921,-0.5646,0.6634,0.4911,-0.6602,-0.0059,-0.7510,-0.4953,-0.7483,0.4413,0.3750,0.5023,0,0,0,
	-10.7309,137.4425,-4.8235,-0.8102,0.5841,-0.0494,-0.3525,-0.5529,-0.7550,-0.4683,-0.5942,0.6539,0.7420,0.5023,0,0,0,
	-14.1983,135.8885,9.9084,-0.4702,0.7826,0.4081,-0.6608,-0.0057,-0.7505,-0.5850,-0.6225,0.5198,0.3750,0.0082,0,0,0,
	-0.7465,156.7264,-1.2829,-0.6434,0.5215,0.5604,-0.6596,-0.0061,-0.7516,-0.3886,-0.8532,0.3479,0.3750,0.9964,0,0,0,
	-4.2702,151.1882,-10.1985,-0.8911,0.4478,0.0740,-0.3183,-0.5002,-0.8053,-0.3235,-0.7411,0.5883,0.7420,0.9964,0,0,0,
	7.8195,151.1882,3.4377,-0.2006,0.4371,0.8768,-0.7621,0.4927,-0.4200,-0.6156,-0.7524,0.2343,0.0080,0.9964,0,0,0,
	1.3589,137.4425,8.8127,-0.0732,0.5722,0.8168,-0.7084,0.5466,-0.4464,-0.7020,-0.6114,0.3654,0.0080,0.5023,0,0,0,
	-3.5351,145.9775,7.5846,-0.2120,0.6578,0.7227,0.9603,0.0032,0.2789,0.1811,0.7531,-0.6324,0.3750,0.5023,0,0,0,
	-10.9542,140.8069,2.3129,-0.7034,0.5814,0.4090,0.7099,0.5463,0.4444,0.0349,0.6029,-0.7970,0.0080,0.5023,0,0,0,
	-5.9864,139.3561,15.5737,-0.1773,0.7778,0.6030,0.9604,0.0031,0.2785,0.2147,0.6285,-0.7476,0.3750,0.0082,0,0,0,
	-1.2698,158.8109,0.2016,-0.2409,0.5156,0.8223,0.9602,0.0032,0.2793,0.1413,0.8568,-0.4958,0.3750,0.9964,0,0,0,
	-8.6889,153.6403,-5.0701,-0.7036,0.4436,0.5551,0.7088,0.4940,0.5036,-0.0508,0.7478,-0.6619,0.0080,0.9964,0,0,0,
	7.9173,153.6403,-0.2888,0.2918,0.4377,0.8504,0.8705,-0.4899,-0.0465,0.3963,0.7539,-0.5240,0.7420,0.9964,0,0,0,
	5.6520,140.8069,7.0941,0.3686,0.5748,0.7306,0.8398,-0.5430,0.0035,0.3987,0.6122,-0.6828,0.7420,0.5023,0,0,0,
	10.3908,149.2543,0.3667,0.7355,0.6678,0.1144,-0.1554,0.0018,0.9879,0.6595,-0.7443,0.1051,0.3750,0.5023,0,0,0,
	5.0826,142.9910,9.8601,0.4844,0.5762,0.6582,-0.3618,-0.5530,0.7505,0.7965,-0.6017,-0.0594,0.7420,0.5023,0,0,0,
	20.6921,141.2336,1.8998,0.6104,0.7864,0.0948,-0.1556,0.0018,0.9878,0.7767,-0.6177,0.1234,0.3750,0.0082,0,0,0,
	0.8712,164.7998,-1.0501,0.8401,0.5264,0.1309,-0.1551,0.0019,0.9879,0.5198,-0.8502,0.0832,0.3750,0.9964,0,0,0,
	-4.4371,158.5364,8.4433,0.6264,0.4421,0.6420,-0.4229,-0.4990,0.7564,0.6548,-0.7453,-0.1256,0.7420,0.9964,0,0,0,
	-1.2503,158.5364,-11.6494,0.7900,0.4454,-0.4213,0.1698,0.5014,0.8484,0.5891,-0.7418,0.3204,0.0080,0.9964,0,0,0,
	8.2694,142.9910,-10.2325,0.6578,0.5798,-0.4808,0.1131,0.5550,0.8241,0.7447,-0.5965,0.2995,0.0080,0.5023,0,0,0,
	-9.1307,148.7760,-5.1364,-0.6921,0.6666,-0.2770,0.3751,0.0041,-0.9270,-0.6168,-0.7454,-0.2529,0.3750,0.5023,0,0,0,
	-3.4043,143.8979,-11.4560,-0.3293,0.5740,-0.7498,0.5225,-0.5506,-0.6510,-0.7865,-0.6061,-0.1186,0.7420,0.5023,0,0,0,
	-16.6795,142.5292,-8.0269,-0.5749,0.7854,-0.2296,0.3756,0.0040,-0.9268,-0.7269,-0.6190,-0.2973,0.3750,0.0082,0,0,0,
	-2.1546,160.8834,-2.4652,-0.7900,0.5250,-0.3166,0.3745,0.0043,-0.9272,-0.4855,-0.8511,-0.2000,0.3750,0.9964,0,0,0,
	3.5718,156.0053,-8.7848,-0.4701,0.4397,-0.7653,0.5829,-0.4965,-0.6432,-0.6628,-0.7484,-0.0229,0.7420,0.9964,0,0,0,
	-2.4364,156.0053,5.9392,-0.8643,0.4471,0.2305,0.0290,0.5018,-0.8645,-0.5022,-0.7405,-0.4466,0.0080,0.9964,0,0,0,
	-9.4125,143.8979,3.2680,-0.7478,0.5822,0.3192,0.0786,0.5550,-0.8281,-0.6593,-0.5941,-0.4608,0.0080,0.5023,0,0,0,
	2.7695,155.2044,-10.6825,0.2161,0.6579,-0.7215,0.9588,-0.0032,0.2842,0.1846,-0.7531,-0.6315,0.3750,0.5023,0,0,0,
	10.6828,149.6663,-4.9924,0.7057,0.5814,-0.4049,0.7074,-0.5464,0.4484,0.0395,-0.6028,-0.7969,0.7420,0.5023,0,0,0,
	5.4452,148.1123,-19.2251,0.1807,0.7778,-0.6020,0.9589,-0.0031,0.2838,0.2189,-0.6285,-0.7464,0.3750,0.0082,0,0,0,
	0.2968,168.9502,-2.7881,0.2455,0.5156,-0.8209,0.9586,-0.0033,0.2847,0.1441,-0.8568,-0.4951,0.3750,0.9964,0,0,0,
	8.2101,163.4120,2.9020,0.7067,0.4436,-0.5511,0.7059,-0.4940,0.5076,-0.0471,-0.7477,-0.6623,0.7420,0.9964,0,0,0,
	-9.5464,163.4120,-2.3170,-0.2871,0.4377,-0.8521,0.8708,0.4899,-0.0417,0.3992,-0.7539,-0.5218,0.0080,0.9964,0,0,0,
	-7.0737,149.6663,-10.2114,-0.3646,0.5748,-0.7326,0.8397,0.5430,0.0081,0.4024,-0.6123,-0.6806,0.0080,0.5023,0,0,0,
	-7.4909,157.0093,0.0112,-0.6618,0.6155,0.4280,0.7367,0.4281,0.5235,0.1390,0.6617,-0.7368,0.0080,0.5023,0,0,0,
	-9.7961,151.6081,7.5241,-0.6390,0.7072,0.3025,0.7538,0.4973,0.4295,0.1533,0.5025,-0.8509,0.0080,0.0082,0,0,0,
	-1.8121,160.3096,4.0463,-0.1836,0.7572,0.6268,0.9605,0.0025,0.2783,0.2092,0.6532,-0.7278,0.3750,0.5023,0,0,0,
	-0.0782,168.5010,-1.6048,-0.2277,0.5851,0.7783,0.9603,0.0028,0.2789,0.1610,0.8109,-0.5625,0.3750,0.9964,0,0,0,
	-5.7569,165.2007,-5.6399,-0.6751,0.5104,0.5327,0.7367,0.4281,0.5235,0.0391,0.7458,-0.6650,0.0080,0.9964,0,0,0,
	6.9538,165.2007,-1.9802,0.2802,0.5042,0.8168,0.9042,-0.4244,-0.0483,0.3223,0.7521,-0.5748,0.7420,0.9964,0,0,0,
	5.2199,157.0093,3.6709,0.3245,0.6091,0.7237,0.9042,-0.4244,-0.0483,0.2777,0.6700,-0.6885,0.7420,0.5023,0,0,0,
	2.9147,151.6081,11.1838,0.3719,0.7011,0.6084,0.8683,-0.4945,0.0391,0.3283,0.5137,-0.7927,0.7420,0.0082,0,0,0,
	4.7840,158.4034,5.7880,0.4980,0.6115,0.6149,-0.4399,-0.4329,0.7868,0.7473,-0.6623,0.0535,0.7420,0.5023,0,0,0,
	14.4713,151.8607,7.2298,0.3740,0.7011,0.6071,-0.3412,-0.5046,0.7930,0.8624,-0.5038,0.0505,0.7420,0.0082,0,0,0,
	8.8471,162.4011,-1.4785,0.6353,0.7659,0.0990,-0.1557,0.0014,0.9878,0.7564,-0.6430,0.1201,0.3750,0.5023,0,0,0,
	1.5605,172.3236,-2.5629,0.7933,0.5961,0.1238,-0.1553,0.0016,0.9879,0.5887,-0.8029,0.0939,0.3750,0.9964,0,0,0,
	-2.5025,168.3258,4.7035,0.6012,0.5088,0.6161,-0.4399,-0.4329,0.7868,0.6671,-0.7441,-0.0364,0.7420,0.9964,0,0,0,
	-0.0633,168.3258,-10.6758,0.7578,0.5123,-0.4041,0.1767,0.4351,0.8829,0.6281,-0.7404,0.2391,0.0080,0.9964,0,0,0,
	7.2233,158.4034,-9.5914,0.6578,0.6150,-0.4347,0.1767,0.4351,0.8829,0.7322,-0.6576,0.1775,0.0080,0.5023,0,0,0,
	16.9105,151.8607,-8.1496,0.5359,0.7045,-0.4654,0.0802,0.5063,0.8587,0.8405,-0.4974,0.2148,0.0080,0.0082,0,0,0,
	-1.7120,158.9822,-10.5278,-0.3517,0.6092,-0.7108,0.6061,-0.4305,-0.6688,-0.7134,-0.6660,-0.2178,0.7420,0.5023,0,0,0,
	-8.8109,153.8865,-13.2460,-0.2334,0.6992,-0.6758,0.5121,-0.5024,-0.6967,-0.8266,-0.5087,-0.2408,0.7420,0.0082,0,0,0,
	-6.0951,162.0958,-5.6906,-0.5980,0.7648,-0.2398,0.3757,0.0032,-0.9267,-0.7080,-0.6442,-0.2893,0.3750,0.5023,0,0,0,
	-0.7555,169.8238,-3.6460,-0.7461,0.5947,-0.2995,0.3750,0.0036,-0.9270,-0.5502,-0.8039,-0.2257,0.3750,0.9964,0,0,0,
	3.6276,166.7102,-8.4832,-0.4513,0.5063,-0.7348,0.6061,-0.4305,-0.6688,-0.6550,-0.7472,-0.1125,0.7420,0.9964,0,0,0,
	-0.9712,166.7102,2.7869,-0.8287,0.5141,0.2211,0.0302,0.4355,-0.8997,-0.5588,-0.7389,-0.3764,0.0080,0.9964,0,0,0,
	-6.3108,158.9822,0.7423,-0.7375,0.6172,0.2740,0.0302,0.4355,-0.8997,-0.6746,-0.6553,-0.3398,0.0080,0.5023,0,0,0,
	-13.4097,153.8865,-1.9760,-0.6247,0.7068,0.3320,0.1186,0.5061,-0.8543,-0.7718,-0.4943,-0.4000,0.0080,0.0082,0,0,0,
	9.0706,162.6641,-5.5805,0.6642,0.6156,-0.4241,0.7337,-0.4282,0.5276,0.1431,-0.6616,-0.7361,0.7420,0.5023,0,0,0,
	11.5868,156.8788,-13.6138,0.6407,0.7073,-0.2988,0.7513,-0.4974,0.4337,0.1581,-0.5024,-0.8501,0.7420,0.0082,0,0,0,
	3.0135,166.1990,-9.9358,0.1871,0.7572,-0.6257,0.9589,-0.0025,0.2837,0.2132,-0.6531,-0.7266,0.3750,0.5023,0,0,0,
	1.1209,174.9727,-3.8932,0.2321,0.5852,-0.7770,0.9587,-0.0028,0.2843,0.1642,-0.8109,-0.5617,0.3750,0.9964,0,0,0,
	7.1779,171.4378,0.4621,0.6781,0.5105,-0.5288,0.7337,-0.4282,0.5276,0.0429,-0.7457,-0.6649,0.7420,0.9964,0,0,0,
	-6.4133,171.4378,-3.5326,-0.2757,0.5042,-0.8184,0.9045,0.4244,-0.0433,0.3255,-0.7522,-0.5730,0.0080,0.9964,0,0,0,
	-4.5207,162.6641,-9.5752,-0.3205,0.6091,-0.7255,0.9045,0.4244,-0.0433,0.2815,-0.6701,-0.6869,0.0080,0.5023,0,0,0,
	-2.0045,156.8788,-17.6085,-0.3685,0.7010,-0.6105,0.8680,0.4946,0.0439,0.3327,-0.5138,-0.7908,0.0080,0.0082,0,0,0,
	2.5232,168.4515,-9.4345,0.0909,0.6071,-0.7894,0.8765,-0.4250,-0.2259,-0.4727,-0.6714,-0.5708,0.7420,0.5023,0,0,0,
	-1.5153,163.7047,-15.1038,0.1703,0.6986,-0.6950,0.8153,-0.4960,-0.2988,-0.5535,-0.5157,-0.6540,0.7420,0.0082,0,0,0,
	-3.4580,171.3519,-7.8928,-0.3658,0.7596,-0.5378,0.8297,0.0043,-0.5582,-0.4217,-0.6504,-0.6318,0.3750,0.5023,0,0,0,
	-0.4203,178.5507,-3.6284,-0.4545,0.5881,-0.6690,0.8291,0.0048,-0.5591,-0.3256,-0.8088,-0.4898,0.3750,0.9964,0,0,0,
	5.5609,175.6503,-5.1701,0.0212,0.5029,-0.8641,0.8765,-0.4250,-0.2259,-0.4809,-0.7526,-0.4498,0.7420,0.9964,0,0,0,
	-4.0306,175.6503,1.2414,-0.8068,0.5136,-0.2922,0.5372,0.4316,-0.7246,-0.2460,-0.7416,-0.6241,0.0080,0.9964,0,0,0,
	-7.0684,168.4515,-3.0229,-0.7612,0.6181,-0.1962,0.5372,0.4316,-0.7246,-0.3632,-0.6570,-0.6606,0.0080,0.5023,0,0,0,
	-11.1069,163.7047,-8.6922,-0.7002,0.7091,-0.0834,0.5834,0.5009,-0.6393,-0.4115,-0.4963,-0.7644,0.0080,0.0082,0,0,0,
	-8.3242,169.6767,-4.4787,-0.7855,0.6187,0.0150,0.3575,0.4338,0.8271,0.5052,0.6550,-0.5619,0.0080,0.5023,0,0,0,
	-14.6821,163.9267,1.1503,-0.7005,0.7091,-0.0809,0.4226,0.5034,0.7536,0.5751,0.4937,-0.6523,0.0080,0.0082,0,0,0,
	-5.4287,173.1900,2.2204,-0.4751,0.7617,0.4405,0.6839,0.0047,0.7295,0.5537,0.6479,-0.5232,0.3750,0.5023,0,0,0,
	-0.6464,181.9102,-2.0137,-0.5913,0.5908,0.5489,0.6831,0.0052,0.7303,0.4286,0.8068,-0.4066,0.3750,0.9964,0,0,0,
	-3.5420,178.3968,-8.7128,-0.8517,0.5148,0.0982,0.3575,0.4338,0.8271,0.3832,0.7395,-0.5534,0.0080,0.9964,0,0,0,
	5.9816,178.3968,1.3809,-0.1673,0.5034,0.8477,0.8050,-0.4267,0.4123,0.5692,0.7514,-0.3338,0.7420,0.9964,0,0,0,
	1.1993,169.6767,5.6150,-0.0830,0.6070,0.7903,0.8050,-0.4267,0.4123,0.5875,0.6704,-0.4532,0.7420,0.5023,0,0,0,
	-5.1586,163.9267,11.2441,0.0149,0.6979,0.7160,0.7284,-0.4982,0.4704,0.6850,0.5145,-0.5158,0.7420,0.0082,0,0,0,
	6.7857,170.1854,0.2060,0.7685,0.6181,0.1653,-0.1594,0.4351,-0.8861,-0.6197,0.6546,0.4329,0.0080,0.5023,0,0,0,
	12.6190,165.7071,-3.0031,0.6645,0.7080,0.2391,-0.2402,0.5054,-0.8288,-0.7076,0.4934,0.5059,0.0080,0.0082,0,0,0,
	5.7832,172.9217,-5.3664,0.5593,0.7638,-0.3222,-0.5033,0.0041,-0.8641,-0.6587,0.6455,0.3867,0.3750,0.5023,0,0,0,
	1.3954,179.7133,-2.9525,0.6973,0.5934,-0.4021,-0.5025,0.0045,-0.8646,-0.5112,0.8049,0.3013,0.3750,0.9964,0,0,0,
	2.3979,176.9770,2.6199,0.8515,0.5147,0.0996,-0.1594,0.4351,-0.8861,-0.4995,0.7387,0.4526,0.0080,0.9964,0,0,0,
	-3.0315,176.9770,-6.6410,0.3466,0.5049,-0.7905,-0.6940,-0.4290,-0.5782,-0.6311,0.7490,0.2017,0.7420,0.9964,0,0,0,
	1.3562,170.1854,-9.0549,0.2516,0.6080,-0.7530,-0.6940,-0.4290,-0.5782,-0.6746,0.6681,0.3141,0.7420,0.5023,0,0,0,
	7.1896,165.7071,-12.2641,0.1396,0.6984,-0.7020,-0.6055,-0.5008,-0.6186,-0.7835,0.5114,0.3529,0.7420,0.0082,0,0,0,
